2287
8930
30977
17964
32197
4255
9811
18659
2778
2543
14324
32132
2471
11190
6992
3998
23566
25250
4970
23289
16457
16211
19568
214
8481
21952
19859
25207
13920
11222
15638
9442
2440
31586
10916
8675
12997
19248
21478
27216
25121
9076
5973
15760
2295
24938
2381
6750
14250
28218
24419
19659
918
23838
9721
7554
2375
13510
29712
1616
24297
26620
4445
4068
2816
16772
17054
15571
21338
18246
12334
9695
30785
22703
6871
11128
12277
3156
21224
24707
30297
4312
9608
4699
1260
5392
13386
4629
1787
31590
27394
8969
24085
23675
2006
12941
2752
7441
27032
15620
3434
6951
6227
1048
21410
13925
15395
31299
1416
14267
30282
1940
18306
23622
20609
2992
17457
1907
13964
16663
4772
24678
11793
26024
19659
24221
16554
19560
27182
2512
19513
15487
13022
28956
11644
16771
24236
7521
30945
20729
13466
745
13723
26905
16015
13898
20213
3282
25935
26765
12262
16654
2217
28303
15590
28471
26611
22440
8193
20730
28339
22411
6954
18763
14751
1901
21713
20137
26568
17002
21176
19107
3090
8484
5890
4763
21223
22701
5005
24010
12332
167
26497
23684
10612
1193
6953
21693
4212
17637
19970
26573
16824
10760
2834
25968
15252
12386
14203
20497
8540
11847
20304
30280
32471
22965
25767
17825
24562
20790
5360
15007
4274
11272
26757
4608
6508
21884
20610
8003
19256
14236
14038
27752
28835
30992
21658
1783
30372
21059
17058
7747
8658
15809
30802
22256
9171
2020
11443
30643
9496
431
19910
21337
5831
23290
537
5131
24825
26575
26775
19408
16678
21781
2724
28243
27869
4203
13418
6119
19641
26455
10093
17864
25488
8608
23398
25507
13805
6904
16718
21081
17857
8158
15545
19457
30293
4547
18277
18732
27779
5740
29459
19308
16166
22167
15765
12567
3023
4065
27433
30280
17338
32231
23301
1831
17664
24236
2611
1898
5133
5691
14495
13084
18773
13709
25711
15517
1859
26796
3986
19435
3186
4121
924
799
13856
2411
2001
11323
1760
27450
15743
29730
1422
14395
5778
22248
2184
19884
6754
8524
16667
4339
27855
11139
6972
8322
19344
12600
17785
3069
30152
27344
29999
22431
12762
19442
15100
20186
25983
2887
31607
27197
29718
22398
24607
19611
22331
23956
21650
7018
9626
1106
25600
13929
31749
279
2782
4742
31941
10711
20703
15358
22830
10340
16160
17350
6519
29420
1698
7210
5832
11715
27390
10420
23443
23139
17748
1359
24104
30642
13189
18604
18820
30595
18338
17893
18538
11614
19364
4448
1718
6788
27997
19703
23789
15150
26286
32597
23064
14614
30203
31395
8147
10040
15068
5733
17569
10970
19221
16542
12418
13770
5065
10811
10184
13799
23274
4782
30758
24034
29940
30426
31754
27462
731
10031
26668
3510
19521
2326
5991
21366
2541
1935
18633
16174
13433
30488
998
27370
11082
28882
6001
23652
18374
26847
26125
28294
12480
1038
30048
29739
567
28858
29545
30758
7489
18159
9748
16005
13378
13263
30988
27415
26465
29748
7633
28971
1341
25239
29194
12443
17371
7217
8220
25609
1508
351
11771
17513
13
5451
28225
1471
21206
201
1917
4394
27767
15487
1485
8226
18199
9801
10927
7422
22336
1500
28436
27833
16016
17577
27574
1525
5809
23812
7084
31040
26763
17541
11579
20119
9143
21934
21744
23592
10807
31951
22251
31324
17509
11303
14974
14613
4394
23372
23543
31285
18032
5581
20665
5471
21978
23829
20882
26881
18866
24978
8008
31890
28195
22295
5493
6168
6824
26751
24469
29934
12228
3732
1118
27588
7412
20015
15184
17383
738
8608
16524
1987
17883
4431
6889
678
9347
16292
2117
19398
9927
27685
1049
646
30996
12766
7248
8181
1990
1286
2138
407
28388
13279
13948
4457
4618
28382
17258
12063
28838
7180
4119
16048
2663
31148
27084
20
26611
21534
30840
5196
7129
21251
26439
21412
20422
8610
31605
22837
12795
30347
3429
26541
22270
15993
6125
2899
25488
28285
20980
7493
4832
16729
1600
3076
27902
25642
7561
3379
16786
22091
3794
7324
15054
117
10745
27764
7329
18219
28812
10976
1070
7253
28894
16568
15228
21547
22362
28042
30063
16724
10776
25826
1527
23631
25262
20680
27271
31251
23113
23947
14025
22002
15356
12989
14736
29379
29015
32127
28174
5952
15676
28671
3399
27053
30958
23102
21445
28347
10091
16407
20365
28587
21244
4221
19027
2998
26890
25092
9194
30893
2099
22690
12542
14045
29853
6327
29189
15413
9866
27468
13939
23211
10029
30616
45
26075
12221
13769
15169
23537
16071
32513
7636
5578
6088
24222
17500
16982
24827
2238
24079
12609
21360
6658
32154
12498
12638
1171
25111
787
30394
20067
19513
11826
30728
1206
13258
11303
25458
2272
29016
15767
22551
6736
12331
25592
1957
16845
15482
18167
5674
512
478
2326
11303
28979
19974
20378
28391
8280
11181
420
21262
29517
27081
670
32117
20062
8965
27608
9781
15628
22898
2419
12802
30220
31353
7807
30139
24723
24341
13408
22590
32465
7231
31094
18049
25019
14249
29437
11743
2574
5294
1585
28847
23185
11657
7350
2331
32666
27846
26680
20016
28627
15095
2383
3889
27198
5288
7589
31025
5495
15509
31066
31456
9274
24090
4007
6822
8996
13290
20162
29422
21438
1796
29442
18629
14519
6627
5444
28835
14193
21493
30861
30088
29376
16719
23281
13899
17134
15007
19891
27951
28418
18786
22701
21944
2881
7255
27890
25789
8438
8243
27315
18109
879
4246
15967
6263
30280
5438
22798
3508
2284
16251
2080
31336
19288
31714
28705
29177
16418
19526
12016
28895
12218
24036
26913
17517
16625
20446
18079
9454
31415
15851
8854
13812
4905
25420
29328
24813
12235
27138
10462
15863
31505
14910
5689
32502
13093
24089
3753
4323
5604
19845
21926
26471
20009
13955
5501
9896
17999
5527
26102
8035
1009
12921
9780
20795
28916
21774
11740
26448
13768
18070
6522
25364
2282
29479
13856
26970
6062
16218
20560
26032
27707
26180
27163
30703
29911
29608
7307
24592
4197
11882
10303
23617
17451
1863
31061
11576
32473
24516
8845
13512
3271
15716
5034
25266
8575
15646
3868
25533
6779
23310
8925
18185
24368
25195
10393
3488
587
6585
4369
22606
2106
32576
32449
10163
30446
10684
29632
25238
4831
8534
5865
5756
27985
17619
21560
9849
10198
3852
23670
23623
4373
20638
18457
3989
32457
12770
24934
22433
2317
4384
23000
31497
2774
4351
28357
4575
3009
27456
16703
3579
30479
23468
25913
7573
17389
14155
27626
7187
29433
983
28023
1311
1283
9072
21964
7677
20240
26769
30922
18715
20389
9795
12712
14314
26946
4241
4499
28397
9772
315
24984
20496
26991
29871
31684
7994
12580
21300
16266
13605
19952
23145
9572
21614
13261
15086
13757
21736
18445
15969
26383
6454
20636
2444
10057
665
26757
20188
5235
22278
7607
1301
10388
19836
7178
30277
23764
13460
2429
15095
2014
26458
30657
30120
31624
1115
3836
25215
9654
6911
21959
3896
14459
17177
14968
20322
7554
21181
16807
16586
14509
9810
32235
29751
15867
12007
13541
3671
7855
15051
21888
29946
20911
11351
9078
23678
31530
4879
15383
18826
14205
23274
22598
23296
3416
1517
28612
28716
19228
9214
8625
32578
21384
31992
1615
12295
7573
8443
19978
3790
27550
21254
20917
27558
32196
455
30743
14802
17297
17073
5286
889
20700
848
9106
17823
6636
25817
1797
18516
15072
30214
10666
18219
20045
16160
10860
32238
5930
21597
30080
28048
489
25197
28325
28003
16615
26960
4266
23691
2054
6506
9777
1971
11160
1753
32692
5887
9856
9990
19141
6209
19347
19578
28314
31087
9797
5364
4552
1877
20097
32184
11599
17543
13272
4649
20695
11418
9182
26778
31801
14227
4049
24930
12865
12704
21884
23598
10419
15110
3931
22428
14731
1115
12288
12037
31113
6901
27829
27289
6125
22946
15203
21938
27520
20889
26547
20322
20691
16305
882
2382
15819
25041
13882
10432
11869
16552
12367
32247
20119
16798
17607
17858
1504
5386
28398
10573
18304
21669
18152
28730
19555
26175
10648
6387
6681
30384
6081
19263
31522
8466
4203
22804
19561
5677
27273
16813
17422
22579
29144
27355
5480
24238
19210
1184
5707
14006
25380
19194
18822
29543
28197
6653
29360
658
14568
2084
5925
14771
21067
31465
4171
12067
20369
27027
4890
13199
12293
16976
20699
32681
9184
9603
5423
27165
14957
27487
1364
14791
15211
10165
25764
26659
12211
8202
606
26629
23835
26605
13481
17546
14745
6024
1238
11342
6572
20596
28902
15583
7671
1234
26188
8818
9263
13463
23028
24533
16184
5415
8579
21157
31371
22310
29153
18369
27867
32394
9973
13310
24056
245
14511
25885
1011
7747
332
16122
7043
10078
14549
22789
24487
10074
18921
4086
9357
8894
25533
24509
6579
24863
28001
6584
30540
29940
15941
19241
6885
30117
16379
26599
22344
8165
23870
3412
31649
20546
25140
29070
21983
3066
12784
21226
13405
3089
30011
31646
10946
32416
9876
11709
7718
29296
8053
2921
23670
8391
2776
20292
17177
2434
24826
26919
14547
5476
20575
21271
32490
12974
14358
12916
7560
8176
5950
6516
28513
22814
5577
31952
4245
23270
2688
12733
13528
12353
8775
2078
10448
32329
3235
21752
702
586
20857
294
18017
13851
13337
28750
24
3759
18298
21523
6982
2279
6087
16268
30714
30890
3355
3829
976
20024
27530
30629
23058
17851
5216
21568
12067
13600
27821
302
2846
27684
3329
23884
6074
23218
7796
17121
1393
29036
2281
3283
19425
28808
22164
31771
18802
6365
28858
4470
1593
29501
6584
12125
7708
8710
18503
6200
5687
28916
18430
7375
8575
5945
17177
3841
6309
24528
6520
19640
10558
11278
10475
30492
32
1146
27308
10759
29455
11230
2605
18361
28057
26782
22804
11470
9534
30793
17540
24685
22740
24942
12191
5313
7978
6065
22345
2989
2284
9757
9006
13243
6598
21436
2054
4438
23756
30309
24344
18490
6170
26582
22268
22824
25527
20739
24998
26590
10176
16301
17312
7494
17858
14901
10391
31214
29031
17843
24857
11448
31829
4675
11677
16851
6483
16799
15044
15849
23213
31731
13022
31130
28634
18156
2224
20778
26205
21266
24437
31862
29161
13145
13346
9005
32712
13042
11246
316
6526
15719
11282
12170
23209
3303
7885
25830
32299
4831
2476
17214
18059
20170
22792
1297
17817
1865
1232
7974
18257
6518
29321
10879
25602
21109
14482
10889
32176
1869
9901
917
11446
24310
14267
13707
24495
692
20679
11997
12951
10403
28998
19387
16686
11410
14493
21894
30877
11028
25828
5766
11356
21205
12010
21983
29267
24619
10105
20417
2624
30445
31195
32224
21592
20104
14236
17444
6961
25679
4498
21921
13535
10259
8731
26057
16222
22260
11430
31200
31792
30838
30325
28337
3910
12760
7329
1664
9508
25505
2910
4927
17473
17787
31360
4357
19884
29764
4926
17595
28917
9827
9014
13081
5963
31320
178
977
2530
5015
1066
9481
22424
31127
15114
17167
15831
27942
14260
26696
6333
10239
8905
22890
7802
15006
29093
491
27130
31827
26152
1210
6341
16790
15292
17708
35
19610
9619
31801
15747
11301
561
11752
9757
31902
26667
4872
22999
16232
28718
19233
32101
15470
24642
27306
24501
8703
7248
14716
3722
22237
32738
13703
7783
12944
1323
11716
10670
4096
23879
2410
19209
28227
24004
3941
5897
5044
26464
16900
22797
26437
10772
8946
5990
29718
27218
29543
8888
19270
11148
17567
13475
14345
25589
27788
24995
31226
7563
13000
25141
31155
10325
18893
30524
11163
16873
26728
28066
5376
22066
5995
1346
10086
15728
1955
16134
26142
7040
1033
22092
2586
17502
21564
27023
6143
18920
9007
5699
7292
5861
15903
3072
731
15173
16329
23267
14805
19882
31705
306
6827
1576
16037
31806
18034
30281
13595
24718
28078
597
4344
15673
13859
32720
15676
20116
13032
7491
14042
17421
8893
30528
23987
7511
26782
32416
20933
25288
29337
5135
12448
15615
732
31947
18202
12233
3858
5288
2884
31814
10736
24920
29341
28231
11018
27369
30853
6395
2284
32143
26868
18123
6502
14500
17259
8322
11303
3821
18987
20401
13197
7199
4518
8274
28604
29601
9267
26027
20462
19604
3589
9845
32266
12049
25950
21566
18551
1713
8960
4620
24114
15955
24293
20035
4382
18713
17711
13256
4764
15540
22370
13927
24156
24802
19921
15986
18291
22580
11606
14251
23469
17941
25926
1892
4388
5640
2468
11749
29201
18481
32149
5902
15075
26391
8724
24126
7822
2728
23783
2419
9510
3198
3026
32690
22700
20832
14346
16041
13352
19468
7660
5011
2295
7475
23791
23388
20071
29894
25560
3589
3969
6256
27949
6475
27430
13156
8171
20099
23134
21336
10363
26569
12524
14033
24035
26713
3110
20642
18234
23613
9219
9391
5470
15145
12918
25079
25833
29347
25850
24018
23648
23398
3182
21622
31406
7689
32548
4800
10705
19164
24885
27954
27092
10515
18199
10296
10237
294
26225
13743
5703
26231
18733
27559
5906
17462
14031
6248
4378
12673
18438
6068
16294
20688
22657
19788
21250
16017
19204
10422
29998
21263
21435
5692
1752
15256
15566
312
10376
11999
22837
19343
25627
16543
6606
24188
2674
6273
30893
14479
6507
4160
11955
7413
15888
32011
26466
18425
18191
10283
26351
19659
7019
15077
22169
128
2416
8610
11066
5723
492
10829
23068
20811
5020
25085
20493
28340
15077
30164
24246
11890
22980
6951
5160
7196
27656
17118
12472
32133
19391
7198
12045
2697
6638
10790
4727
20998
8069
29047
28546
28712
14993
56
25292
31210
11188
21976
27155
16857
22482
28149
21394
23067
21006
29309
14222
30641
16885
22803
12332
6905
31224
28596
17285
8567
21024
7322
13308
9428
6909
21856
10960
19239
15584
4456
28909
27764
22346
15226
10760
12658
29859
26285
17898
3986
9775
19083
7180
17980
7231
19056
25957
16732
3748
3123
2176
1309
2409
25096
27601
1780
29122
2981
16969
6113
22335
4772
1576
17394
25925
17961
5651
19208
2239
6596
10342
5853
7697
27545
2251
21062
15181
30142
21516
1462
27306
28388
9765
23812
26930
7738
28318
31342
15802
26254
24343
31453
15383
3253
10277
3947
18575
15662
30812
20514
28558
5378
29101
11270
9626
12782
2291
6742
17289
3524
968
28944
4850
10511
2205
1203
32481
18678
29962
30024
15567
19555
28258
19619
465
23652
24715
20967
6159
31697
24332
13896
26744
14895
7272
32533
19636
3540
27563
20725
15706
6476
66
113
12388
24572
24591
2994
15328
11781
15293
24972
20712
14187
8529
6588
8915
12919
15618
622
3757
29017
7243
9987
5861
16146
10046
13328
18246
913
17435
23722
5416
29468
22817
9441
4072
19698
8356
13706
30101
27951
864
7490
32748
13807
27917
8879
32135
5046
20276
3081
2897
8464
17984
32729
573
11636
5336
25345
27960
11118
26988
22525
7004
18942
8718
17256
8806
15675
644
31170
25962
31291
4251
31344
29637
27191
2750
23556
21588
22763
11462
19903
4323
8764
14100
21076
5608
25373
27613
6127
14962
12723
30406
4470
1116
8375
29361
13583
31942
4637
470
994
10437
7411
11285
16160
31322
2699
30602
28228
19873
11996
28515
6809
17995
8230
3310
25596
8526
4565
14070
21219
20187
22184
19280
2974
26769
19986
26289
18141
22512
16609
24259
13171
16656
28957
8823
9561
1427
24883
29852
13814
29656
5714
13489
14749
30321
23062
10743
11864
22488
16228
1227
2020
28253
28309
2611
31996
17507
31958
7607
14811
4300
21198
7538
7164
5042
26242
17512
23332
11096
19574
1818
17314
13664
25621
7768
26069
4158
9043
13399
24304
20716
17809
26627
7930
223
25025
6806
20505
30779
11210
15210
17167
10307
25902
1547
1285
27155
16618
26257
648
9617
16030
30765
23505
25761
16621
20993
20041
9880
25383
5685
22348
2036
21029
30535
29741
4682
11381
10146
9083
18559
11704
26483
2947
17211
10567
9400
27158
29083
6173
24985
12685
21030
15857
21756
30473
14339
10658
31060
5632
28777
5336
32185
11509
23638
26345
19774
22406
21124
24313
8319
18860
23961
10598
19833
12351
10909
25699
18847
31416
15282
22498
4650
29243
13055
25784
28336
16853
18926
28411
16888
21506
18583
18351
23821
10610
4476
22946
2193
3340
5494
7573
14420
18740
17391
6556
7461
16969
19282
28616
2280
6770
15808
16386
22761
17051
28165
24890
23152
7354
6346
13762
23958
4951
11787
7924
27222
19019
20172
21531
19431
19656
21256
8337
26185
23705
27627
19748
2591
18091
13889
14526
15036
24781
20781
25670
6784
5300
19742
30145
29029
7234
1791
30397
469
21256
17326
20975
8127
16649
8112
21531
15849
17088
10019
13364
25992
29285
10739
26309
19470
13933
8273
16527
31555
6480
13153
11379
16279
20110
15923
30867
20662
2292
23285
32437
26718
1563
20583
11240
15213
29491
29583
11113
2367
3838
20909
14535
13622
11551
13937
23878
7834
32405
25196
7297
10916
17283
1477
21588
13525
18994
21293
21497
22924
24408
16148
28273
20184
5019
16157
3110
16267
31313
7632
32718
23696
17802
13968
8850
6270
25424
11724
31600
16748
45
31097
30174
27912
4846
19903
27568
27363
21927
16882
1595
12559
20471
16837
15035
30444
22157
7866
26098
29247
9195
21981
19218
27268
28266
23986
31197
5766
8063
4204
24587
30764
4156
1631
2540
10902
28442
29880
22094
22120
13045
25708
8609
16486
16216
21870
11353
9794
7675
8741
16532
23985
29066
14109
23293
27076
1448
29437
23280
31350
8244
17081
32223
2690
30667
19976
10740
3959
29582
18457
19447
28685
6181
14465
19571
13498
17924
20601
24596
9857
11500
8262
14164
20491
6325
16632
20822
5368
31564
18007
30226
21367
22520
3355
7091
17428
29665
14683
15165
3026
28626
31048
22643
13434
12094
24603
16632
32562
12417
27980
18100
17745
14953
5125
31097
23410
757
22230
9191
10952
13148
19370
3981
29873
27985
7162
21584
29837
13702
21824
14097
21456
26479
7599
23434
9302
5704
8481
19833
21751
32601
19025
9473
21596
29049
7242
19021
22032
19921
16415
7286
28122
1506
6877
32679
30027
15050
32702
5759
28563
25026
21151
10934
24473
4588
11956
2308
17482
24396
25979
21566
12080
26387
27118
5059
10567
28964
31741
278
23053
19153
10299
22732
9433
16101
28632
12969
12397
20200
11471
9478
3278
4510
1632
14197
27476
23249
2497
26792
7421
4176
15121
19343
19206
20536
12941
32705
7613
19570
6662
2333
17809
32637
7827
19121
6763
7790
10883
10459
17729
27701
31637
5805
10216
21025
26988
4758
30505
24999
28733
22079
15128
9055
21451
15796
10657
22351
28309
10692
3940
2668
333
25002
15043
9566
5773
14317
7480
22660
20166
30340
5868
2360
10361
22078
8326
9300
6313
1377
18241
31220
1936
401
12098
1662
1425
18676
4136
19680
19566
9876
24548
9753
24763
7685
8139
10747
26514
14919
32745
5423
1161
17389
19609
20601
21473
8831
23123
32061
21760
27934
25540
11075
22817
28262
3620
7095
19019
8089
1988
13684
24191
24313
29926
3714
2870
25973
7890
11996
19723
16264
6438
28791
6068
19807
20846
8321
566
3642
15604
17894
857
15124
6362
12569
21082
29830
28773
14609
16353
2025
23964
18834
6962
4027
14354
9901
30631
29507
9728
2442
26206
2424
17302
31333
30767
25376
21651
3031
7137
53
13332
23383
11421
29836
30377
31488
17570
16313
29358
10389
10299
23597
8921
30146
23790
18849
5903
17828
16631
5816
26492
17292
14069
11743
24034
14080
14818
27000
18737
22787
27976
13113
12121
3735
32178
13006
20828
11391
25953
20422
13735
10313
26945
2732
11426
23180
25116
29044
902
13935
9740
13082
22895
6762
9782
5765
19122
7761
5301
22705
26224
654
9941
13837
8811
9389
18306
8994
16665
7455
19968
30838
24055
27191
3292
5552
5152
19577
19746
16380
29470
14356
2512
16305
13824
32685
32651
306
28844
7262
25745
15634
10103
14079
23791
27515
1267
22180
32500
1744
8712
22630
31717
24977
5191
5223
16626
4991
13946
21520
9321
16897
24448
32157
29482
18375
31576
6364
29275
32685
14971
4401
10588
14050
19311
22750
2045
2633
21145
20865
15599
13087
5203
7646
20601
1759
1342
16607
22380
11874
13529
11737
21081
22603
18003
11793
3329
27298
27550
16255
4621
30655
5829
20690
1792
31338
21887
32436
1129
7488
2820
13902
15965
4441
31775
24847
4388
14375
24965
32169
17971
9377
29797
19037
9562
14241
10560
25721
9791
23435
3323
287
22027
9008
30771
9031
17763
20466
3280
29447
4762
808
12765
6675
25637
7876
407
18816
26447
6451
24003
19661
10030
18564
7749
20003
20437
26829
3567
12252
12747
25034
10647
8003
6588
4040
21868
17562
20591
5057
31882
13410
22264
28361
20171
1494
13103
27816
4320
12985
24672
8649
12961
9297
14404
83
8098
4532
26672
18581
32263
4930
18061
22695
20377
3955
7304
8014
10521
25811
14346
13857
29652
30026
23019
26346
28023
30369
21603
8271
23077
11330
28097
7602
7367
28223
23391
18005
10659
8598
26837
1986
1841
1460
8045
12138
20777
31543
471
1932
29153
10232
12318
15192
1494
7241
2011
18005
7560
23931
5289
29440
20876
31140
25816
11446
23772
2206
5734
10451
12657
15955
12330
11036
15124
29240
6995
26970
17521
16408
20753
21064
12909
9747
4242
15279
2489
17382
12592
15312
29351
8045
25833
12802
12093
4710
32527
17052
14217
17783
4928
18965
28723
23667
153
2922
12121
14297
15655
7616
918
28573
30110
23883
29028
27435
21838
25454
6821
15018
2642
18980
1148
5501
23051
16030
28513
8720
22989
10030
30069
27345
8151
24675
25362
9340
137
21878
32167
10652
11217
30692
11459
20303
16103
23133
14703
30537
7738
29405
6081
795
11178
18457
28334
3253
11511
3612
21024
2090
30329
30258
25416
12980
11794
13829
19254
29432
14946
2566
17319
3723
12857
14094
8734
22708
24658
20293
6454
15988
12094
15940
9270
21443
4510
24694
20710
17949
14997
10692
23457
22589
14973
8049
20908
19241
21465
10562
11718
22638
7307
32227
8960
8621
16200
11910
2511
14678
29000
5581
9056
10420
28738
11754
10027
5930
7319
4613
20171
30396
974
11997
21517
22992
28480
26291
5447
22070
19220
11364
21483
6503
31086
22997
16731
4618
26084
17811
19967
21181
27954
23483
28310
4625
27950
15896
19401
27606
4350
12172
4102
18330
11656
20145
18315
2156
16938
25535
1729
27110
29099
17841
19148
11882
1906
6819
18528
683
23798
30591
7382
14959
13174
8920
5503
19092
21994
32534
312
9297
5945
24532
16446
21951
172
20102
1604
5016
17571
607
707
4158
18823
3954
25490
17407
24831
4375
26038
2711
32615
21392
26747
14838
1918
16620
14020
5700
32350
5420
31391
18211
15282
7589
3868
12852
27171
1957
9312
24284
27667
601
27125
18248
30862
14318
13156
15022
1149
25079
19206
13526
19485
32015
26391
20186
4272
24511
29964
11562
24179
14498
12070
3794
28367
14278
12360
25088
31443
26454
31238
448
4578
30582
8446
267
18601
367
4971
9984
21588
1548
11767
113
26114
11076
4817
10913
23158
32024
30464
15180
4623
13759
23031
27112
1274
20737
23401
24107
26534
28385
9054
18381
29560
18814
4231
9103
10177
16955
8398
20860
5869
18974
18482
24687
5117
10614
10706
13013
21559
27329
26439
24756
22811
27852
31287
31469
13978
24604
19495
5054
2435
13197
145
12426
12862
13369
9527
2269
10172
25755
15542
13995
30382
20213
22366
15320
16629
22254
11841
253
20826
20096
29834
12650
6016
21009
21265
6247
8214
12256
16940
25536
23889
24227
13767
28544
21402
18287
20407
32508
32388
26327
3147
1811
512
2392
7460
28085
31700
9973
26183
25250
2377
8734
20849
13684
21796
28118
27563
19680
16856
24341
285
9017
1018
11627
11047
27701
16629
26343
1198
18420
1535
23351
30900
10046
11084
16912
24364
17677
30593
8401
23564
22859
5995
13155
13475
26844
15857
23651
3885
22239
71
24707
20645
6961
16997
28973
3290
16947
18360
19050
15557
6606
15383
26627
12058
12212
18680
5606
26397
1256
2788
24522
23991
6784
31528
9238
22729
15274
8654
19967
19648
10477
9163
31473
31850
2225
378
3889
19208
16642
6473
32192
29860
7825
17075
18306
8356
27899
5486
30111
672
25678
12517
4906
32113
4042
6120
27137
31882
4580
29858
1780
30604
27025
22732
18729
21524
7360
20001
190
6615
27688
19218
24753
11506
29765
24506
18429
635
24477
12052
9734
860
3656
2156
32311
4449
22191
13587
20202
25231
17300
20055
24456
9912
29523
12210
14833
11084
31847
22850
21278
29042
31535
22137
9989
27223
11506
32022
19388
19910
15394
6228
16354
16122
8669
21601
30779
13232
16569
32273
28826
20864
7361
27348
17412
13676
21691
7398
4114
22970
16557
30661
10135
3583
22943
6376
22659
13693
20129
10414
18695
16302
27408
14229
12282
3873
12822
31660
27772
17029
21360
587
16601
5124
23924
10753
13488
17106
20562
30926
25172
15109
30362
8850
13170
28583
9982
21446
20724
6921
21338
5226
18982
22875
2289
22334
14103
20858
17913
2357
23107
24585
18523
13607
1390
30915
14772
4038
17875
12815
23711
32723
7038
11989
7990
30354
16375
23185
14038
11387
16416
11174
10531
5682
28000
24564
26188
9657
27137
26540
22673
11237
21719
29283
3330
28174
22563
21094
22921
17419
8118
10830
9258
21085
31322
6356
12170
13483
10861
22246
4270
11375
10703
31738
12806
10222
25855
23714
1962
13677
12672
14176
22755
13986
898
9148
17133
26729
9918
30613
22779
4792
32418
5813
1404
29909
4526
24744
4253
16838
25630
12493
28687
16650
26057
9389
17418
26502
30537
7308
9618
31938
19036
10814
10745
8277
8586
25148
16293
17310
13064
17143
18451
27573
13021
9836
4892
20385
18499
29177
8055
9932
29264
30831
17536
15284
8149
17000
10551
5858
32391
12507
11404
22048
17756
11757
8922
999
32312
24586
3249
791
4809
4917
10968
25322
8367
19612
5010
12075
22753
15472
11553
4259
28236
499
12681
20949
22461
30163
8086
7147
26880
28342
15648
32751
1866
13334
3726
8254
31956
4943
26521
3642
12233
19190
31059
12352
16482
16493
359
17370
21071
13236
32418
20533
1370
25986
3762
7381
24903
25493
22830
135
14590
28486
11223
7319
18668
12896
11294
22596
5286
13874
16870
12401
18383
20707
8074
12189
7741
32006
2850
8725
5975
20334
19714
23144
30913
32580
26500
6684
25660
13398
31752
29343
1223
4018
312
12928
5898
8820
11921
13023
20725
18140
16671
6435
27813
4004
32135
24811
23175
16784
4939
16966
24255
2886
17738
18470
7627
28512
31622
11026
23651
5312
8746
17436
30372
28963
31180
11283
21102
505
15599
23289
20747
1909
16076
23479
1041
30176
26450
26640
10633
4402
12395
212
13136
26339
2177
22102
23998
6655
15937
5407
6534
13689
22942
27364
19677
30913
1561
22454
12255
21144
29248
8057
18478
32292
18549
28567
18396
30271
9457
3318
21387
13077
11529
7719
29650
26094
11183
26080
13795
10056
22331
428
16235
19241
9324
225
22970
20403
19113
26578
14372
6649
23949
29511
32167
29969
8099
12330
17870
1899
29294
15235
13524
12896
1965
16039
21261
4110
14300
31659
14210
868
8702
32287
17883
3705
30874
17401
899
25378
8196
29392
18438
25027
477
27979
19646
31333
14813
23768
24494
9225
32720
929
15790
24124
29407
27324
22473
28908
10769
16545
2019
24186
11794
31714
30878
15376
16434
5654
17535
25653
4784
29462
4173
14239
22073
18541
9402
24648
16556
6409
19270
19140
28960
6455
29279
18897
21800
3790
23757
6192
29526
425
24653
11443
16125
20571
30588
5272
22843
32031
10999
18453
25399
18190
5569
11572
17832
25493
2277
15585
4503
27685
4700
32321
24165
21548
27440
19526
18703
31557
4322
6529
30897
12203
3594
9783
19529
13556
13885
23734
5566
8956
22835
18409
1569
12575
12585
22571
12082
16811
4229
27225
15910
16788
4793
17707
21415
12394
21609
196
7453
25737
30416
3207
4908
24464
29280
18221
381
18196
31912
23828
15298
21909
1403
24794
9204
22448
3919
21035
26079
2455
26339
1751
3041
26815
32293
10792
20719
19928
28242
18034
21464
25346
25951
3307
4046
19006
664
20413
15906
2082
26247
25178
1359
1746
31255
21520
6458
17707
12537
14557
12472
1601
19271
29828
29777
5388
23143
15328
19012
28766
3379
16505
9162
29464
1878
14933
12191
19614
18425
17425
5567
23944
25504
15664
8301
19611
5454
9906
30330
26615
27376
11752
19140
9873
4344
22920
9469
24036
329
3325
10158
32740
6483
22016
30587
30004
23423
14444
10152
26520
24525
27726
20444
4269
14267
16956
12069
24792
18794
8681
61
4732
26108
22262
25356
32112
8000
8202
32621
16048
8337
13348
17717
2130
3835
12848
28018
11708
13472
11993
8432
16405
31578
21663
26626
20217
31394
18985
18302
8561
7345
21212
12042
31522
7908
23980
7318
16836
29029
30258
6442
5846
14856
19455
29410
14736
32371
17457
22583
17690
14722
18756
14463
7931
24554
19754
3511
10708
6172
12701
29569
4174
10604
2740
12137
15441
26226
28596
3692
20087
5808
20009
15291
10688
9078
29494
29884
26503
3075
16170
15954
18356
25837
14163
32606
28980
26307
27159
9350
5798
20464
22848
12597
21335
7650
24216
25058
21617
24940
16054
17302
8815
12905
24087
25768
7892
1699
19569
715
2589
28659
6723
23116
9716
1449
11441
31380
18342
32045
911
17396
28375
13799
9660
29346
13429
15453
10161
23294
9706
2203
89
15130
24726
31704
8228
17786
380
24918
32343
18712
15675
30346
4262
6827
13377
15997
24836
9001
22331
9330
13754
14219
28623
12745
32694
7632
8590
23331
806
25412
30500
10439
28230
26626
20434
15941
21110
17336
16671
1369
13200
26538
16586
17
8568
8698
11010
1586
4085
26150
30937
29145
24767
32466
15095
32606
21465
3272
11403
25725
21024
30525
29320
25272
17957
12630
23309
22775
30520
30954
12580
6258
6853
29322
30896
208
4068
18110
9889
10128
31019
9362
10602
3753
10438
19793
21941
11885
4810
3473
2901
22195
14791
18287
9852
11061
18845
29212
4398
16183
21648
12953
2293
5226
26270
29118
27863
271
25359
4993
10117
16735
24655
13173
2517
14379
30201
2705
10610
8896
12596
25139
6098
17421
9026
14436
1385
19208
15958
31070
9501
30797
29862
29260
25593
18184
19906
24912
18725
7446
26148
18122
4630
18023
3336
23512
24322
16295
29822
21017
919
5149
10173
16567
20460
21203
15290
25252
26040
24311
28153
2595
28098
8065
9635
28043
16792
21014
2778
12615
23940
1324
10313
21282
11964
32112
19199
23234
4569
2660
5245
29553
5514
3661
29453
21284
21898
15692
29782
4789
463
22475
9774
23412
26117
25626
31151
3550
1338
11098
23693
17836
7643
32155
31910
24336
10719
321
27099
24891
12098
4524
2591
29218
29877
28952
5069
14210
28308
20929
575
18721
30744
31307
14492
6232
11470
2402
18161
28878
30279
7326
1412
30342
8721
24233
31333
17692
5095
16547
15685
5195
26661
25285
19851
1459
6783
28741
3749
32729
1265
29306
24220
14960
19193
24385
31468
24535
1285
26271
10130
26594
16423
17320
19558
4061
9744
5279
31915
5070
24892
32350
7397
3323
4458
7928
6890
6572
25679
5022
27708
12850
9867
5567
18070
20264
24796
29555
18117
17657
21906
26394
31161
30883
29251
4672
31708
20922
2495
8133
8867
3503
27206
20794
25698
22610
9209
31629
29284
19862
5007
14057
14651
18580
1353
17880
15189
9171
1064
30635
31184
20167
10589
2587
24463
23703
1
20016
25230
28708
20742
5218
20338
10566
27502
9215
29541
30552
15546
16844
6176
29944
19878
2543
1609
12552
30483
8460
512
2296
25413
175
30133
30792
12110
25322
16188
328
16586
4415
21283
4899
9165
6847
10819
4379
1306
13684
11669
24342
7318
20221
5191
5978
7164
4216
26639
19861
30161
22949
9152
800
4251
30535
8219
12420
14926
6350
17127
2110
28679
18740
9284
22207
19964
28453
7740
9143
15283
6242
31387
30867
10355
5223
13056
28740
27641
8780
30517
29763
8043
13801
28092
19154
658
6205
25258
23172
16707
26385
22713
18175
11550
14296
12440
19201
16252
25050
23173
29601
30626
13201
17950
8408
26939
5971
1140
28479
3845
27442
20578
28442
13770
4129
28957
19606
5010
29784
11019
19791
24343
7417
13017
18197
31609
29427
22216
29680
3123
22310
21063
18273
1358
16841
32711
10475
3028
28937
23755
14290
14984
27379
5182
31779
7892
22164
778
10484
515
28767
27366
21485
21168
7631
18287
17928
17022
25677
31099
18836
27658
18259
15530
6528
5406
20946
6974
21974
24872
20177
21548
8582
2026
30039
26482
19813
25714
2956
15532
13429
28749
17691
6114
11623
32504
24794
20645
13662
19863
18861
32602
14326
15081
16040
5333
6277
15228
18035
4138
24737
24093
29171
18111
14306
29843
12838
29350
2280
13453
17743
31530
30624
25816
32596
11176
3268
27349
29028
19617
15009
19499
13532
21260
7965
30905
23916
6641
9976
28879
22134
23091
30290
7069
12214
21678
14958
25067
7464
25217
18613
24843
11814
24493
12030
18956
32721
9184
6412
16689
28339
32139
12120
20897
2979
25402
21265
18784
22504
20261
23394
4478
3233
30978
14323
22159
29028
25118
7346
5467
1573
26540
6867
24534
1113
20317
19221
28242
31580
561
27976
20723
3088
27020
8460
21859
1992
8844
7131
29896
30308
31642
74
24051
18365
28735
14987
28634
13379
5945
1591
14409
4324
14031
330
19156
6704
29537
28784
1040
31419
19523
6271
3331
4291
23244
20804
13016
14099
1961
13698
26327
5415
10871
5176
31381
14993
18322
1827
27752
2460
24615
21124
22558
13614
2193
29219
24559
22003
14562
30612
8623
23223
3007
7609
3145
22548
24434
13704
10600
31566
3386
20494
12151
9339
10981
18868
28620
27623
2721
6850
29984
5814
27920
4385
26179
16075
6554
22373
269
12777
20743
27915
16792
19480
20045
29694
2476
20811
18854
30560
23675
2623
12774
3976
655
10406
4108
1863
10752
13957
18711
26224
22250
5339
12827
1431
14366
19843
10899
3864
13336
15451
12537
4444
16946
21414
9620
1623
25623
32687
12178
29781
21369
28080
30806
3063
14343
14833
12563
26488
31129
18740
5786
20277
686
20817
26480
10093
1817
21790
36
27461
8951
6033
4575
22799
26084
18985
10045
13259
7791
31369
27483
15854
31179
871
26418
20835
19399
1188
10531
14544
4863
9916
2770
11802
3412
11617
2360
8747
28827
7523
25332
12787
7058
31187
28898
27820
21272
23656
27887
20323
24477
27937
6956
6580
7895
32044
2337
24533
23990
18695
22371
32214
3739
9701
16745
20518
12229
7763
22427
21850
30219
16923
8108
7466
4049
11625
3882
10428
5173
2860
5203
8230
29321
5823
8491
302
30214
24777
27851
11091
12734
23394
24316
27922
26835
29047
23044
30306
18151
11631
22208
21633
31955
13070
1779
23282
5532
4250
29150
7623
6051
11069
16145
24860
17947
19115
9088
8676
5824
2052
9433
7144
12230
9212
10005
28940
528
2105
30798
21972
21411
30717
20176
26408
20058
13316
28018
3412
26331
5552
25127
4179
12233
25955
4816
16717
27964
28716
3156
23902
31854
8359
18419
3481
25527
7966
23255
10317
7867
15604
17388
6022
31458
12100
19442
2263
6152
23749
11217
19031
24950
17137
27948
30954
4881
13926
14648
25538
7890
652
2511
18725
1654
11384
28864
20592
32119
23824
26986
25948
26426
13936
26761
22656
1418
6285
7759
26903
27461
6424
7863
7172
1877
12966
25622
1043
23522
28429
24562
24450
13766
4369
3608
11968
30786
320
15849
10356
20719
538
1525
11969
26615
28533
5579
10696
24708
3360
23054
27503
15737
10439
9932
97
32353
4886
23564
4695
2212
13345
14502
16277
12545
16132
20312
2999
31032
18630
21013
19885
22023
18052
10144
16133
4440
14027
32602
4200
7353
31301
22361
10088
26636
8088
10425
27001
4224
9867
11831
14396
31680
32363
30971
772
13162
17325
18358
4499
5314
212
21485
27684
10408
30357
2453
1199
14279
12089
23775
1384
28432
24900
12885
26760
10343
25940
3366
15697
11163
17227
30654
15948
31644
6832
23194
7382
1000
27219
13659
9690
14919
31536
28185
9184
2232
29334
11001
8775
5035
20361
27138
30158
12400
22372
19244
11866
8176
13763
16570
22003
24987
21407
6602
8463
12961
10683
6955
29715
3429
4671
6766
25111
15663
23971
20288
2281
23072
11983
20215
28245
16748
25217
26218
17060
24003
1518
17926
11363
21520
8364
13342
358
26726
21967
14723
4364
12087
8275
31829
25539
24264
11962
15640
5071
21729
8693
10762
9032
9417
13192
31924
29538
16754
1770
5568
16626
6128
10794
2826
18989
11823
2520
23546
434
6630
23587
16400
29387
25543
18239
17344
15087
11001
18186
10113
15500
7367
5614
13601
28420
5274
7433
32603
28661
30756
12171
16299
14782
9183
5472
18017
9023
31670
10512
12533
3296
29697
3299
23194
24276
9911
15176
15125
15519
18655
30327
10192
4565
5192
23382
11050
23589
31098
7065
26130
22167
11756
9006
12244
27154
27256
11480
26674
1825
28171
2586
12215
19702
6305
8790
31304
8624
12913
27958
12284
8153
13156
27723
20526
32051
7884
26612
19152
20148
18259
29570
1025
19919
3889
31897
13794
757
30883
27097
9382
31068
6808
3262
22761
24575
19885
27333
21571
15334
9563
8657
29724
4007
2415
27596
30402
7213
955
1425
22200
7864
5644
32010
28754
12325
11356
10901
9598
10608
32584
22957
29669
12663
31428
25798
12595
22528
32013
18552
25010
25086
479
29152
23838
11024
3561
19524
13749
16459
28286
20981
5517
6201
8589
9338
1578
3105
31187
28650
22096
30345
21327
7578
4630
6906
27638
6648
16700
15107
13481
12727
24510
31872
11876
18989
17577
1309
10168
30969
27438
28437
28283
16104
20981
31552
18878
27162
25780
9292
20479
25440
9215
30538
28064
27369
32610
21869
12184
2078
5549
783
9833
12490
20367
10229
30034
27518
2150
9428
25029
28980
14678
25108
30491
4658
23192
31699
4743
25137
28437
28461
27464
28607
28212
11451
27427
2786
32752
13401
27409
24318
16173
7725
10293
25592
30284
13541
1296
27292
2557
1343
27384
18492
1620
1743
24518
26010
544
16893
9168
13577
19576
5965
27671
21454
6294
3043
3265
23244
7145
16198
10185
8801
21093
28260
13301
32139
23838
10198
28680
12367
12053
5478
5689
9563
31825
32462
25573
9962
7986
27075
18817
7912
26627
31538
22226
8790
2766
32202
14176
19441
8052
12730
21288
10766
26620
18876
26513
17353
20780
14674
11425
31070
24918
14415
23153
17367
2421
8090
8926
6120
3193
815
29570
28695
28894
11622
5091
16927
12419
24440
29673
25495
6842
31551
16022
8655
7323
31293
1265
4347
25503
21984
5443
22163
3690
17668
21126
29433
24551
29370
8219
20061
10394
4680
13755
3294
23090
29809
28592
28145
31070
502
28485
15111
25058
16220
8059
2410
4330
15856
29181
21352
27038
7689
26710
11444
10230
1677
15714
5641
30160
13750
17154
13328
22080
3862
18452
28036
23335
19161
6819
13460
22791
10827
31322
32649
3349
21914
3903
13480
27024
18140
14494
3418
31826
26195
18498
13450
9125
15344
32235
9295
1367
23063
22269
1739
31761
26018
1654
7763
28388
24360
10530
30927
18213
4479
2578
29284
30843
18815
2890
19281
20278
15113
1722
21783
30946
14152
15216
31453
31516
6199
6923
10514
3237
1380
2931
22612
1205
30195
28871
16273
21650
5093
5015
29036
16224
25755
14164
26850
17467
23189
29956
18733
28291
13440
11834
21736
119
19824
11334
24693
11270
17002
16297
17308
19937
4389
29644
3700
24277
5137
10993
1415
3928
32665
13929
10545
16738
17573
16135
19529
21630
31844
4566
32259
30752
16712
9479
19221
30777
6482
26925
6681
14345
21903
15021
10035
20276
2787
1903
25331
32025
2053
31962
14461
26207
27851
20992
32487
20688
18088
533
6626
20843
22131
2854
3485
8372
25449
1287
2534
2383
16246
9358
12435
9421
24752
32510
6944
23238
13348
8646
25497
22056
3542
21100
13498
25806
23043
2756
9558
30037
29609
1381
25333
10027
17482
28253
28609
8424
4332
3108
30627
8418
6244
29903
169
31739
26324
9094
31403
32446
627
568
29230
25771
21900
15245
27272
22990
31178
26909
9029
14999
18610
29151
19658
1509
21873
11492
28728
13668
13272
7237
3731
28697
12453
21594
15140
19259
24324
25388
13595
3397
8021
19501
17529
10057
816
27687
24109
22663
12966
22899
21373
12350
14026
5227
4264
25026
19825
7201
11978
7887
10805
15186
23807
27677
18624
8597
25803
9268
13383
7384
19898
7298
26708
1805
25667
8363
11977
15393
10226
14368
7970
11310
25799
27123
8954
24049
31705
29418
9168
30078
7998
8658
17932
4914
1327
19989
21821
7914
22120
7311
17829
21362
23502
1694
28407
7745
12116
22392
25695
10083
29727
5058
3523
5558
23017
32606
26185
25433
28579
13700
1049
22114
2398
1812
19812
29135
15723
4906
32421
29376
15553
19955
26150
11747
2720
27072
30918
24879
22388
22105
9211
19925
764
19092
275
11891
2475
3110
19903
23947
24911
27064
19921
16437
2288
6974
31301
18704
20475
31876
8574
10110
6304
22025
23763
30481
6520
10257
32586
832
25195
11254
24995
29535
10449
32703
12185
29390
7895
12275
6756
10608
23076
5040
5250
6238
3517
12023
31415
11997
6950
3914
20051
11150
16075
22137
25779
7653
23454
26553
12298
7132
10752
27382
1378
32745
19941
6762
989
17197
6195
3695
321
18414
30572
31633
8115
10311
23437
5864
28867
23838
4406
5285
18857
20823
22538
29930
11470
13639
14425
4831
27791
9836
23549
10754
27453
32603
28289
17854
7272
25593
18569
20288
11101
24046
27245
11654
27373
7511
2600
11192
29296
12731
14449
6588
3082
20289
24871
23301
22573
29728
10994
22443
19039
598
31272
961
25406
8605
6893
28899
19393
32155
22175
7694
13760
13401
30833
31156
9655
2294
1365
18960
2503
11933
11040
28600
16893
16308
10984
13937
32215
13654
17073
10310
4868
29444
23113
5852
12652
14999
30577
20224
6256
7289
15677
10882
12659
14357
31422
29766
13209
24716
3294
21144
13518
31146
6026
11200
19467
8472
23063
14550
10452
30675
8926
15064
17414
8156
9770
1530
3535
16946
15445
22333
15614
12541
19245
10307
9085
31244
24220
30050
11291
32129
13449
10743
25999
23755
16377
9981
16058
21973
26490
6110
22573
24189
705
2440
3819
5192
23442
30660
9328
21588
13792
17603
10226
3982
9014
20218
1254
12068
9557
6449
23238
7486
25631
14550
530
17897
31411
32406
25237
9299
8154
3375
32489
12350
11682
21119
22845
16303
19528
5857
5462
12518
17499
5818
31700
28819
15391
23119
17079
12359
25648
16346
16161
24873
22375
27612
25693
18154
12801
5044
13345
14075
9214
22129
1040
22525
712
6117
15491
30073
7701
4602
29833
15313
23566
4170
3885
28790
24753
2537
15863
31324
17524
3461
3253
20139
7723
13234
23162
5560
25643
2943
25576
7219
26800
13645
17067
25762
30076
8161
1606
27917
19137
7095
18962
31995
1345
14489
27779
3998
12212
8561
19374
11851
874
27228
11016
20269
7217
1279
9841
3129
9081
20254
22129
18020
14006
28522
2497
2324
3334
29851
14349
16853
8212
27327
4600
8270
23612
23250
21089
12915
7152
26766
13540
4348
29274
644
13732
12309
2370
22636
32328
10327
5683
3002
9284
3063
10969
20082
7258
7229
25774
25660
1888
29496
16342
14779
15427
30129
4422
1563
13132
8541
27692
10985
13986
2902
30347
17960
31761
8908
28966
10913
3081
3064
30368
12922
6634
10066
13793
8202
12670
6404
11196
236
24007
25758
8142
18258
11516
28939
26793
3484
13774
2244
15154
14378
495
10819
2375
26990
469
15547
13221
31813
28092
32006
4873
30855
14314
14047
7318
13788
29750
7761
9591
8402
22731
23919
2501
22061
15402
10822
15019
2175
13422
30992
30664
25592
15316
7851
14292
25726
32378
30537
1159
20992
13671
25960
19894
22280
13004
15621
30656
26000
905
28428
10536
24087
18931
2324
7043
11508
13781
23881
29589
20969
15797
26281
25783
1531
32088
15732
9083
29569
23944
12253
27539
13436
26900
21254
7407
2854
29465
8235
13350
2254
29312
29214
8727
5858
14024
30451
18128
5710
23045
27132
5039
2308
5161
10744
6342
31196
21379
32647
388
5791
16005
10209
17554
12382
714
30664
2812
5641
5464
10939
4753
32061
18466
12909
3980
27996
22737
6773
20852
24803
23747
21575
12096
4344
11860
32611
32447
8003
16221
460
6967
4607
29947
1212
16205
22097
28818
10646
13860
15576
27153
2844
10185
9349
32631
24290
1231
18349
7574
19202
21814
24412
26134
17426
28306
4333
14014
1875
21864
22999
13807
1323
19932
28106
2161
20438
24457
15099
5235
25176
20657
2236
30156
21430
23702
25679
1927
19045
10535
20476
9887
17411
16351
26721
4615
1349
3563
29706
3053
17969
12171
4417
8256
28301
2746
30247
13424
30359
32017
30468
17525
16374
8425
18140
28946
31473
28096
9795
17243
27615
14302
29809
18805
9438
21303
22169
28829
1992
23956
26999
16491
9315
29678
12585
23384
18136
22298
15167
26751
19047
17324
10005
19104
1112
277
2145
18538
23349
27662
22536
2554
24118
58
26422
3999
28925
9478
2221
1504
24451
16853
25693
6848
28243
23898
10549
14400
15094
19524
4410
18470
174
13089
27606
25853
5479
24444
8818
7261
13034
15433
27463
9836
24660
25988
7792
13989
4038
7956
24900
18904
17503
13045
7140
5490
21607
31382
27920
31743
7117
6016
4159
10989
13012
7993
27118
17811
32009
15976
11832
16754
9336
5945
21927
22458
21791
24323
21578
12304
19619
32553
18183
10382
4674
15678
2867
24331
27401
11884
29792
24477
24135
31254
5238
7261
24129
12220
18950
4714
26919
13343
2266
16433
13895
2470
4305
20715
17281
30721
1770
8550
22267
22284
9374
521
18710
246
29043
23059
10912
12194
15054
4131
6987
18765
15880
23549
25693
24690
14533
25995
11178
27370
21377
21794
21183
29784
6764
14599
22113
20420
30840
25650
16950
3206
26800
10833
3265
12902
20939
7440
28564
2305
16385
11928
4032
28271
28957
23893
2705
290
26324
19709
14968
8465
29525
28878
18505
3094
29729
11031
23718
6549
12061
1529
1467
22879
1509
26991
9517
6614
29540
29324
31308
6481
1954
20484
7312
26306
21980
18414
31299
13718
2266
19144
12155
10460
4477
14268
18763
22954
9112
13857
18746
7356
29952
18501
31988
19295
29415
31594
32320
5005
24933
22798
28466
4954
6488
32112
18082
17295
22638
30543
16605
30100
22400
21749
18585
26771
6946
628
27695
14810
12920
23856
13060
13441
22603
8349
26440
17485
10843
4170
10212
4053
27383
799
22189
32227
204
13283
14046
10781
10491
31488
20421
3301
3950
21899
26556
23165
16747
23935
11099
23919
11881
5961
21740
20524
11043
14474
26655
31219
10988
19480
22016
4852
9026
22342
7461
13238
19877
25701
14892
21430
15274
5770
31845
6993
29003
10898
4811
3299
31105
2404
25913
18737
10517
20342
3546
29444
946
28051
1762
30231
30528
18139
24699
13619
24941
28683
4866
25497
5004
29694
16756
3488
18595
16756
35
5279
16831
9747
29614
8717
31883
31403
23599
21991
14369
25790
24758
13394
15392
20800
12023
5762
5631
3227
17215
8922
16545
7158
27821
4181
27177
15287
24990
14628
19471
10054
30825
16537
18804
3604
22605
20547
18354
23005
13991
12379
30008
10794
29800
16222
29333
10521
12231
3324
4562
7520
7731
7217
8197
23952
17036
4274
27939
2199
21394
19338
1558
10121
26270
15109
21775
7328
12944
25037
7198
897
32520
22867
32256
26304
5081
21360
2360
28327
15546
24397
31073
27955
13631
30080
8898
27488
4360
3959
15395
7078
29753
19994
31455
21956
12329
29612
13627
32700
6239
13554
32502
2079
9146
9624
29729
21898
11759
17360
9777
20337
27961
26428
24403
25627
28747
5902
12287
12270
14474
2926
31440
10733
17529
24092
29331
31103
7796
11862
16030
22898
17314
15356
14691
11327
30501
15858
32068
9616
21907
30662
13225
11519
15530
21138
23120
24097
23359
32036
29413
18883
32120
22365
20691
23667
26939
11479
31065
3651
24294
714
18912
16329
4673
32049
22668
26730
12209
7976
17169
31193
16814
27289
24520
7386
2678
8983
1282
11084
9731
14346
23196
2918
2107
6669
27091
20545
11112
32660
24410
17302
743
23762
13226
15562
1572
4826
11674
26919
26566
6660
29487
26989
19750
11154
7349
26761
6662
11923
32270
4004
9344
27656
6731
31583
25916
20038
30073
5725
30694
12187
14525
32003
32735
31796
23716
20091
17715
11070
19892
3839
7628
21324
16199
32596
30437
24057
8345
3476
4801
7886
26655
17201
20124
20838
10522
21559
1250
17103
10093
13265
24479
10804
23979
21007
12086
29881
10613
26342
6487
2215
4611
28281
13355
17353
23808
14998
25041
14614
26011
15748
14
29071
27099
29180
16448
13419
16946
1141
15252
6770
14166
8613
6009
28839
27212
3652
20053
11817
709
27667
28790
347
6062
20509
29003
14403
1539
3644
21716
2096
10724
24032
20823
30880
11754
15372
14677
30048
25787
11937
16828
19445
24796
19679
30814
6203
16071
12585
32418
25676
21822
14344
23673
32675
16350
12403
32660
20866
30711
24910
15061
10896
28571
2096
23043
22983
25333
13673
7617
2189
21468
10564
13249
8737
25512
5769
32565
19001
32581
28230
17798
9962
4486
6351
4937
455
12219
16388
28015
1101
29829
3794
8891
4991
31977
2557
20858
3789
15268
26140
30062
30266
5822
32485
4619
15294
866
21418
19686
17385
5101
11556
3178
22986
11333
20592
28364
6671
20588
25431
11586
6509
16725
26066
16240
19011
23542
25805
21283
25978
28318
18988
27714
23215
30857
28172
16642
2964
1970
19787
9816
22163
10472
2378
8372
13493
7716
5361
27884
28355
20250
13044
5494
11691
10254
10581
26587
27172
23273
20011
24168
32661
13964
20897
21031
26163
2148
26945
2318
22634
15422
16499
29813
26495
11869
21056
13262
17267
25546
4188
12176
14890
7404
31588
24692
12749
30296
4196
5860
8812
3050
12188
22192
21224
21013
24708
6916
23824
6519
5901
5783
15626
28849
24106
17444
28661
22645
2959
23326
26060
32225
24760
31904
19085
28427
15662
11427
27291
32221
17926
27507
13921
17699
9898
868
10553
994
20188
24256
6028
17131
20983
31237
10298
30897
19320
17997
32060
8024
27838
4110
20360
28942
6158
15875
564
16030
11482
31850
28895
5186
26947
10352
32077
8377
1244
4074
8273
4762
26801
22853
496
24552
10376
10176
23747
11238
8550
20440
12445
16173
24917
12292
2158
17915
15461
419
22375
18638
13041
13875
12639
4914
3363
13507
25206
31959
20410
2987
10744
18662
28171
27258
7300
3989
23878
30768
29037
26106
27899
22958
16224
14364
2269
31850
27719
2384
18373
31079
21614
3779
27642
9317
27876
22611
14511
6997
25893
31651
16589
27151
3061
30062
4851
5703
31631
13595
26299
10173
20735
1682
12096
181
29389
20047
14045
6823
10971
19380
10295
31543
6032
21924
10365
30055
14390
17741
26350
2828
6305
837
17820
639
24594
27353
32624
1172
18267
30626
28527
22224
14915
29017
23867
1494
10283
2539
29405
5155
18418
8656
16321
251
21271
9881
27906
15267
31773
16329
1769
22225
9268
15846
32688
4193
5141
32720
20363
329
15406
16977
21993
2511
16383
3572
24566
19962
20676
14107
30821
22086
6996
9292
25710
10395
19785
20172
29202
28032
30049
12655
31654
30093
17188
6574
17551
13086
27079
3834
4939
31823
10833
17488
11441
10532
18684
18446
5241
25095
29150
26117
14078
12920
20680
28623
24643
13312
24687
24418
9268
25958
13513
2022
7215
550
17594
18628
7619
28191
30448
30464
20152
2444
30220
28872
14927
309
4098
3917
19402
28391
9410
27345
21039
24097
26648
9473
29002
2320
31440
11654
9201
25021
7967
13527
13196
15238
3134
16721
18644
10443
9560
6793
31194
24809
6054
32481
31051
17004
9177
22361
19187
17792
5816
23976
8577
29353
13578
26764
18826
12724
7862
21086
17872
1262
27945
11753
195
1171
4344
15740
14152
11913
12998
24638
186
24142
7017
27074
6190
304
26440
6107
19196
23228
2311
6834
12411
28024
24423
25365
3851
23509
25191
11026
4697
21855
11184
27845
14046
25655
24111
15214
3753
11971
12548
12998
17247
420
8603
28820
31104
13800
4376
19579
30955
18305
20729
16918
16037
12278
25334
16711
23510
22873
28716
22731
17940
15737
15227
28434
31972
1368
4909
32078
10366
15584
1496
203
5585
28369
24197
5758
13255
15614
11281
29920
30154
18617
22484
14333
16263
32652
3969
13255
15858
8234
1613
16561
20874
2980
20820
13945
28126
14048
25400
2373
4688
20552
27403
15602
16409
28095
6767
8873
4493
22233
5883
5299
22176
16203
6881
9358
23210
1440
2254
28480
14183
18990
30482
3051
22850
29257
30209
18594
6355
27574
5529
10619
3494
17506
28261
24037
32318
27220
12704
8252
4441
10209
1182
13211
9334
12319
11112
29682
27541
20380
18087
11352
15934
5455
10435
10146
13764
1998
1611
12084
203
15042
1432
27671
4104
22680
29101
24140
72
29818
5218
24160
26036
14462
31682
23873
23635
17437
11953
22096
464
20198
5330
10167
15486
25459
5543
17661
29593
18077
13050
30680
7375
24300
8828
9026
17150
12369
10925
15566
27200
16408
18171
28733
29989
29976
22318
8524
28479
18477
24067
16337
24804
22760
4887
8710
4143
14980
19463
22821
21320
3356
214
13365
22501
14108
28559
25891
1041
21238
9003
31764
21549
9494
25012
11514
23092
11799
17835
4965
16963
11575
1704
26781
88
9992
13632
24557
2905
17513
28203
7489
18777
7605
18598
31220
4376
17978
1047
3043
25800
11245
14576
8902
18967
8027
4309
12224
25449
6115
18945
19252
11877
2083
2534
19675
2996
22192
17171
10771
29701
20234
12891
3706
32341
7887
14132
25276
7021
13102
2909
13737
10924
2719
7620
15243
19462
20177
5286
22454
4941
19172
15096
25696
175
4569
23814
11443
25217
26951
22618
19745
1083
19535
25311
28152
20163
6865
19782
3126
15854
18656
17577
17566
20292
8820
22382
21771
19971
30559
16751
18437
8295
17283
17239
32402
31273
10049
2383
3150
6213
17461
25819
6590
27137
21024
24062
16610
19243
37
24485
6153
13218
30265
835
24297
24
2773
16312
495
14357
237
32631
26580
30015
25126
25064
15729
20442
18756
11275
13268
29835
12513
11359
25747
18273
6757
5634
20576
14357
8498
5913
11230
11153
19999
11890
28340
7856
16168
1128
22751
26181
30564
19207
25164
12382
27447
26993
18598
10954
7368
30336
12141
29400
23733
18093
1608
12898
774
4401
10652
3594
13408
28778
29021
18628
1915
16767
8740
16533
7894
10055
29826
10394
2730
13415
9877
9291
1820
187
19416
10241
27318
11768
20287
17078
22808
8079
23428
13580
3563
27092
7611
31121
21527
15455
5677
8770
32054
19378
27491
12110
27976
32285
29569
17180
3752
24543
26582
22414
16959
8846
30384
22664
8183
11193
10101
18348
7026
30411
17647
19816
24829
20018
16872
23347
32447
8129
19447
17171
11830
28755
153
26723
20965
12978
30851
28115
31558
1463
7479
1200
3334
7602
31958
16742
19825
23819
4149
6467
32044
24618
10034
28029
17954
149
28489
18295
5824
4952
18530
10816
15717
26282
23533
7516
22548
17101
10801
21704
27757
29238
481
6712
15323
5358
5617
23459
10254
17208
9639
769
15276
17268
27381
31572
11075
22339
17158
1765
25219
25580
17687
19152
29098
31231
15240
13250
28479
56
13107
6146
8707
1445
5372
15022
1829
32523
32169
5192
2229
29575
18421
1137
30811
23665
31967
20723
8777
15493
7752
5637
3182
12869
32701
3019
13804
2457
8594
17693
27341
4281
16944
19337
32753
13388
6575
15515
2891
9938
29608
19547
27726
5951
6980
20760
14497
15080
19865
15460
24858
11939
9783
9568
8938
29482
14845
18490
6421
2241
21554
7923
550
28185
2513
30566
3616
1651
5923
10886
18615
11016
15251
22759
29632
27561
1983
20608
26087
17059
20939
32687
16800
16357
17402
6525
6240
28517
14719
20260
19980
32447
23952
17102
20658
26143
16573
6048
30839
6242
22656
17143
9168
32376
7445
753
25589
16909
14731
7728
19859
11112
540
20698
16833
5779
9402
2788
17206
17340
18410
25489
11193
1755
3029
26165
21976
6805
8604
7231
3805
6752
27885
30838
25854
26601
25556
1923
9684
32691
8403
2480
8463
256
23348
23023
871
27892
14750
17950
24022
24824
13031
15497
11524
20573
28969
29361
29955
321
27416
26956
17724
20663
10130
29068
14505
546
24440
6052
17989
7650
29117
5769
30145
9011
23996
14581
19577
4433
14287
19378
1702
3041
19485
1301
28885
7820
25523
1481
30104
25581
24535
22221
13179
5037
8088
2240
12089
15340
25514
22621
30256
10723
9329
31810
17683
17864
3676
32757
1759
26098
6260
20520
16400
23870
26933
23612
14868
18609
32156
28933
768
24671
18049
12493
5506
20363
12327
19611
15638
22543
18450
25269
2685
17663
29976
9827
27756
28809
30139
13558
16513
24863
6326
15369
28794
16857
25558
21767
28585
14868
7435
14829
11427
26720
27071
14161
19257
1177
30822
32676
15017
27987
26711
17332
31765
9339
25562
13428
11571
32572
8322
20992
11079
3360
14781
11228
25166
31352
6569
30332
7292
29181
25641
6666
26089
16823
6201
7779
22664
18206
23422
6243
25688
26240
9249
31842
26590
4514
13534
31230
11474
8618
8024
17691
7449
2108
16560
28713
17395
7140
27733
15270
28534
948
14622
32483
1595
1582
9366
3594
25943
16228
151
16736
23180
605
24346
456
3777
27067
28749
32393
29872
23451
1766
28752
4063
1213
14007
3449
10193
3813
16771
5002
15229
5760
17937
2560
18687
9099
25982
8783
15758
10673
21207
22820
8622
21427
232
15597
21926
7693
25166
32155
29237
1239
28628
10662
8577
18665
26876
15442
1104
4162
731
24882
30586
26027
31018
4330
19871
23447
13723
27448
20757
22094
361
29238
8740
16714
30003
2777
17782
13281
6922
26302
30409
18725
30409
15142
5095
12041
26788
26943
13272
12485
7684
31653
15958
16507
1171
7464
6017
17434
29586
27856
13268
10627
32627
21278
10328
1514
11172
15509
2839
17535
28329
23929
14292
10318
15469
25303
19705
9572
2778
13509
29905
21812
1191
11755
20215
2617
24177
27714
3599
18140
526
7964
7603
7063
1054
30309
25776
12379
6114
5928
30579
32047
30034
14676
20158
30235
25961
21185
22176
11844
26820
29550
27043
13912
11371
14093
3143
14892
16623
28609
31919
8612
18357
28198
27291
14548
2705
2706
27542
9060
12694
21402
32625
7993
2861
1496
14575
23121
6757
12524
24258
24559
24458
11713
6326
24825
3833
18962
32045
23454
10802
19756
4811
26171
12079
14837
6770
8576
20981
29229
13681
5583
29800
7924
15352
32740
20579
652
22480
20667
2056
5985
14152
25774
4181
8262
27763
13791
10744
3586
19600
3541
23653
24075
25546
31338
10021
22161
20770
2532
23921
17342
7849
4706
24575
6717
27122
2170
10524
8953
28871
10528
24315
5159
22043
31433
24653
15238
13120
27089
32529
7653
18778
1050
23982
12263
26388
6135
8767
3075
22161
14920
29742
18894
26534
30694
30724
23165
27206
13889
15743
3749
11581
1863
21478
10566
21793
29832
30873
9224
8070
1432
5100
2244
26226
1461
30773
1094
30737
19626
5924
5714
5801
3827
8531
740
13519
31010
17438
26812
16860
6786
31157
8474
6811
25337
8047
19655
29252
14387
18018
12884
18350
26108
29232
20902
15040
28142
14883
20659
22057
31309
125
9606
8528
30767
13321
8585
3726
7392
20470
16899
6556
23172
3557
27104
10823
2046
32321
26801
3947
16401
31439
29427
9758
15301
10118
28564
300
11277
30112
16051
9412
22182
23793
23976
10864
31298
16248
3140
24906
15846
11060
22361
15982
12177
28216
11389
12715
5662
12546
23308
12926
6763
2825
9836
6464
3003
17813
19861
6302
17241
16595
11216
27466
27519
12073
22206
2544
11637
6855
23965
32108
2813
27007
3527
8506
26351
21206
24699
27181
289
31835
30176
1380
27017
12343
16711
25467
11942
25094
19121
1022
19227
30181
10641
5411
5790
32204
7379
15288
15888
24863
25628
5978
1773
8831
15956
22248
25063
14310
12642
28983
4302
10483
32566
22023
25523
26498
27661
11062
20813
5760
14832
27188
28316
13054
32126
29111
2507
21379
12268
24496
27739
29095
8778
18301
2174
29149
13832
6240
5569
23953
32440
18480
24814
883
12565
5710
21297
29202
837
31451
29817
172
25179
5672
27937
23108
8480
13422
19152
16118
1043
14784
3230
28552
20142
2621
14968
30529
13803
17034
3013
18430
23559
21632
24905
23682
14726
23585
5706
21774
6007
16593
27890
16945
32505
30403
6645
4578
16894
29873
13172
21196
335
12752
1824
16873
21457
16387
7074
22098
29446
22094
24891
16214
4310
24462
21927
2249
14992
24936
8008
22942
27948
20352
25472
185
16083
7915
23647
17406
16801
11750
29054
9646
937
21448
22570
5107
20537
11573
32453
14009
5728
30869
18282
20416
6318
5828
21968
24815
19003
1035
29809
3308
31978
23888
21739
26089
17647
17801
12198
7873
13711
16247
1719
21059
23335
20368
4100
21709
5744
31293
2729
17438
15617
29253
923
18789
8982
2953
19851
16797
29327
17907
12302
16413
29500
1193
4602
8043
10327
17798
8979
5202
26450
27850
18663
30516
19412
30992
21238
14241
11518
13185
14870
11815
30706
12360
28438
16492
5014
13125
31906
2939
12693
19718
102
2140
12455
17395
16247
24295
29715
7624
23022
23257
21618
23881
25046
14120
3509
18481
22856
13204
20073
18795
23508
10367
19514
17284
30499
3326
438
26465
30427
9008
31060
25389
10179
16079
18869
32150
22056
23044
10025
28985
2943
27776
11893
7258
20299
14536
19668
22745
28481
976
26939
4193
4778
27340
13025
24803
7434
19267
14591
25923
9215
29029
12244
30289
31851
158
1773
30714
8917
19051
13475
1728
781
1901
23269
6503
25359
9916
10552
27377
29994
10109
8187
16589
21858
12471
6384
24908
30226
23394
14584
20052
16342
25281
12062
6232
26791
12018
25815
23943
17992
28100
904
18756
8162
11720
29513
10199
17131
12203
14057
25186
24395
25026
18738
30486
28354
14823
24430
16806
11140
24964
13610
10236
23079
26605
17721
32556
27327
28403
5116
15526
13640
1462
28385
18351
21828
9658
17706
32530
26788
1597
32240
18194
13804
14792
28519
13220
32147
18949
23395
8923
31400
17872
5403
23460
22204
30096
13357
1203
5371
10696
30947
1981
14492
22505
17845
13544
10876
31083
21007
14976
8709
24859
31316
17643
5461
31415
20770
23263
29852
10424
21976
18898
13510
13423
29781
14002
27995
1107
12803
9943
3491
3226
11285
5430
27917
11782
19212
26583
15057
30466
20352
22921
4309
31469
7197
11220
11726
13238
24812
13615
6823
8617
3027
8051
16166
7560
8800
27280
10701
4318
26818
1918
3838
2192
31256
8055
17251
21941
13807
23396
13709
12455
9989
