21810
27602
23946
267
8251
2686
1390
29670
9560
2658
24408
17319
24280
8156
9278
830
6778
3582
17909
27642
16353
9015
2374
24400
23362
26928
1605
13784
16480
3061
734
32664
22970
15445
23473
6533
30722
4491
28448
15431
13778
11806
16037
26685
17307
11269
14953
21185
12254
5135
27411
14509
32670
25730
28126
14877
11029
27394
30447
9079
21158
30133
19941
18345
16403
8101
30897
20402
2032
15462
2216
9060
24407
9976
15830
20328
31198
30702
29846
3202
966
26320
4448
19478
3189
23231
24289
28140
29990
28247
4689
816
14304
27354
27137
17085
6820
32394
6707
4763
8939
12886
31791
19141
23888
25273
13203
5424
19849
16352
15851
3850
6811
6411
8321
3903
19278
30517
10359
13890
9951
19191
28946
11018
3574
12714
9305
10587
24535
5580
10719
17734
16348
11940
14301
2035
20259
9001
31363
18846
11908
21537
17808
27872
23750
4486
1057
24368
17682
16173
23238
681
4519
11434
12251
25870
5840
9326
3606
26635
27155
30258
5468
16061
31148
153
28121
25717
14394
32272
29007
28857
12471
6393
32430
27788
5805
2826
11238
3312
9895
19439
18937
30376
27366
4919
28500
28482
14422
12653
31839
8021
30657
1157
20051
18952
3905
2939
5196
7635
32763
23862
31391
650
3082
1714
8301
2199
30906
5214
2936
23942
16631
19139
3638
27080
19461
21095
21540
31664
31857
23281
2141
9154
11079
31117
19051
9773
25477
18066
25949
9622
29136
32355
32025
27415
7270
10643
9716
28552
5972
4172
6784
2557
2281
31985
933
26511
12906
4610
1780
12384
4359
14144
3895
32217
2830
25106
845
1590
32095
15656
24373
8517
15648
29534
25448
2666
25009
8675
20076
999
27362
13722
21670
16218
5988
14272
19056
12167
32638
19920
13419
10072
18433
28835
12822
27170
382
7900
30368
4394
1974
3715
17403
27240
30034
8688
7218
13451
32725
9195
7420
23613
20430
3857
14737
7847
10578
25722
18108
13624
30889
21912
3378
28322
5960
17762
22050
22822
23807
25778
9741
25106
20852
28140
6616
3720
4560
17377
6688
12672
16056
30707
22733
17168
1663
31609
19690
15596
8090
101
8372
8233
18260
19748
17904
2118
6339
1989
9346
28524
20474
15454
5948
2037
19840
8875
10996
20268
28161
26361
21465
15699
2628
31298
3335
14059
13149
11674
5720
9007
32548
7369
17533
19426
30949
11322
5966
27210
2649
7700
2655
1405
28885
678
21460
1499
4802
2056
1398
8668
18765
27903
17414
2060
29279
6946
2257
27219
24272
11323
8580
20090
28888
24304
25154
18411
32454
16035
15860
32440
19956
662
14560
10207
14842
26707
27006
21197
23586
3403
31622
12320
18204
3005
26958
13745
10995
24281
24403
17362
30016
21030
32277
12244
16798
33
28201
22477
11869
9255
31369
9111
27003
17300
9518
5916
2511
29229
27105
22993
2184
13755
9038
22401
28374
19705
18010
24140
3047
23984
26550
24047
18197
20001
16308
11334
25182
19875
8282
29455
16660
20621
4534
10992
1749
854
2160
18364
8894
30971
27302
31218
6876
6305
22259
10630
11235
3708
25041
3556
4387
17391
15650
1843
2231
8949
32265
7382
26624
10431
29950
17721
21586
2975
19490
23242
29676
30756
24527
25157
11054
10631
1396
1589
14854
24901
13472
27576
19884
526
18012
17538
23183
20958
16062
16932
21135
10090
21691
20110
2924
1725
11325
11731
27006
28963
30325
27949
8871
27718
27763
17217
11655
1175
22516
17828
12526
20207
7803
6045
1943
11638
675
30253
11283
23493
4019
17740
8451
1607
25459
630
10634
28901
19006
16486
26114
28898
24921
4130
10478
15875
13187
31543
6192
24308
973
29510
28285
13543
15020
23231
28941
27262
10573
2797
28055
18923
5928
31539
21628
15958
19928
28053
17219
1150
5930
17529
4933
20132
24948
26031
16553
24485
32296
20144
15763
24934
11944
15907
1433
31348
29532
5798
1399
26348
20739
24266
11011
6297
70
607
12643
8797
15251
14579
32125
29394
7976
13717
7855
8752
20334
991
18368
22386
22921
13875
21527
2228
557
18756
11563
6880
30387
24792
9275
9353
5228
16845
5183
22551
14901
11610
24606
22821
22603
408
8481
295
12897
17217
6568
22352
2032
29879
16412
16307
5839
24136
30244
9640
11267
11184
16412
9585
14040
735
4291
31005
4657
30717
32051
11437
30748
684
27927
23926
21417
22669
6936
2246
25853
20741
31128
11722
27554
13889
20387
18095
19233
10103
8738
23816
24019
28783
15698
15728
27124
31299
29301
3696
27897
14691
24008
20131
12579
15579
18612
32279
24917
17113
31816
30455
3875
30313
6119
14695
24363
14980
16446
11952
20392
9801
14969
10141
19780
5770
18359
6693
2606
30858
21691
25161
19309
12805
20964
2624
8308
19057
18271
24018
14582
14724
31131
19714
19707
32502
12797
25071
19252
26504
32726
19964
16779
9029
1426
21039
13311
4360
9778
1751
21935
25406
9980
18034
22580
493
6512
16333
17716
19958
8575
29549
5684
10647
27640
8238
32430
27187
26947
25386
7268
5974
8273
3804
499
6900
11731
32134
20395
18161
17322
25295
20126
21478
15519
24753
16887
15651
6229
25490
25230
7664
29563
2481
14521
29721
20550
6596
18532
27561
17183
19680
17252
6133
22425
28568
13832
15836
16805
7785
25073
4942
12041
8534
15140
6155
19726
10959
15198
27565
22137
32215
32680
17641
15805
16230
25642
28178
18287
30476
4676
27358
10490
728
13531
11117
32660
632
18161
28807
13169
32161
12409
17702
6966
18866
9577
12596
29616
29332
31504
2453
32710
10980
26538
360
25772
1876
24626
24714
5722
2382
2167
860
26685
15579
26994
1991
5676
28100
25047
19325
22941
14327
1258
8065
24345
30507
23444
21737
12269
22983
15286
1763
25635
6912
10685
17910
12464
10306
30839
2186
9711
13778
6949
1195
12878
1713
24017
22282
15688
27587
30689
6980
28307
15920
11501
22887
30106
22795
28622
27827
25901
22066
15351
18333
30583
4725
6409
14618
20017
15610
31905
5913
790
30175
32372
29265
7319
16418
4767
14142
15055
19134
15928
24678
4281
21783
31273
7649
32161
12952
14398
5656
23256
12699
15996
9165
20908
27017
19637
13660
19863
13378
16473
12608
24247
22207
10895
984
8318
7414
3204
14955
30891
27901
11779
20331
17017
5491
16967
3062
14870
23324
20237
8866
15446
2507
2541
26490
11945
3205
8169
18756
9035
20707
6983
28678
3514
31160
23452
9416
7021
9460
21546
26266
1219
18632
1131
20697
27194
27659
24302
13999
4577
15837
4706
6105
6416
20618
26865
21165
28246
31665
12751
14171
10163
10661
26898
24691
2311
5139
4548
29863
20171
13285
30262
13779
4351
26727
17048
314
21091
6568
11719
9490
4074
23076
9318
12100
25708
19359
10800
6509
5275
19284
25996
30248
5944
10575
2402
911
28039
28440
4398
18175
24576
31121
851
5660
29511
27169
11697
12565
10590
13074
4217
21034
25370
17208
27456
22123
30163
5332
8275
25538
18784
9143
25163
12339
4674
3755
24545
20067
31776
26638
25091
9047
22644
31168
4135
27007
9603
64
20191
25843
402
8465
27821
11516
24151
8291
4377
11990
2222
6639
8706
19892
22669
16675
4914
17413
7482
27775
21557
10742
6587
28735
20586
17720
9615
3130
13658
1539
17819
28938
29513
21851
20839
8301
11275
6290
30858
11499
1049
3598
15459
7353
2532
26444
12810
29662
10089
17445
8326
10644
20998
29520
20289
3313
27788
7209
6329
23750
3989
13744
5495
5832
11288
28373
29509
16877
15418
27635
19612
14361
30311
32154
5212
13050
13986
13457
27071
8240
4633
30491
26768
178
18685
31610
18840
22381
2704
19378
26458
27438
16256
13967
31488
24513
20083
20969
9620
27227
3811
29223
6515
9525
24108
15106
30719
18042
2787
11660
14229
15971
2666
22384
9663
160
11457
1915
22954
31995
17055
11099
10970
2872
27074
15015
28
20031
29571
21280
2748
21117
6573
27191
16889
27527
30095
14287
12982
5376
27984
15939
30578
23230
2947
5035
27770
3112
29947
20571
29789
16098
28897
18093
24737
25773
14083
26625
21172
30856
30831
31489
10533
1819
22081
1834
19732
5718
15033
6536
29672
12374
18577
18112
10560
5512
21645
3668
13611
23056
7507
803
12955
29292
13693
23855
27159
29524
21485
22691
17585
2277
32352
1557
27448
26879
16966
28680
26030
17644
28626
14773
20220
32322
2893
6923
28901
8970
26799
24052
23609
29985
9584
16602
20811
223
29852
25194
3236
1783
28966
6807
19449
15774
27262
25826
8027
11504
24421
16345
23214
10895
6913
9694
15196
14477
10284
810
5707
19340
3858
19730
8716
15395
4347
7816
12629
26500
22117
32228
29105
17244
17238
12261
630
26875
26096
15346
30711
23477
13126
1446
7932
3720
1646
8076
5231
27903
5592
15143
1368
27477
21213
23094
11020
25054
26523
9525
22432
14243
18177
2855
9892
8268
806
3731
9742
28996
24031
25549
2933
21015
18320
17526
18816
19487
16450
7238
6557
32095
20214
29449
19958
29359
825
14312
32673
27930
13561
20970
27926
5764
30359
6587
7399
27023
27965
8363
6315
20672
882
26873
21563
16606
10732
29522
5410
21147
6821
17813
28238
8055
21041
20185
9228
26080
13134
19633
3123
14494
2237
5551
16030
15726
22864
27942
10720
16109
16965
17460
24628
5560
19410
3072
12467
11474
27649
32065
24778
9542
11198
30976
6634
23821
8750
26270
24449
23857
14915
13080
8490
29491
30350
21898
15648
31147
10068
31986
1785
5166
18147
19255
9873
25204
28710
16746
25412
28346
9080
16715
12128
23398
19894
18447
2009
5098
17816
18016
31807
1258
13121
14758
29422
8097
5652
27269
32133
11393
23754
29862
20889
12569
17345
31675
14762
27964
28055
12733
4693
13152
27128
4728
10188
8260
7860
30794
1924
30166
18197
28200
6701
7507
32111
25313
6631
5296
760
8615
14515
19257
14810
13259
2855
12664
1415
4040
2919
88
1357
14723
18512
31626
23850
14289
5366
13096
225
826
19537
2200
13645
20989
32051
31412
15350
25939
4733
32039
23778
15352
19347
24346
17070
19944
6413
1297
23773
13670
12720
31247
15471
26947
29596
7169
7861
27741
26054
26457
6757
5734
28073
9722
8938
23015
3385
1364
22013
11140
15641
22480
18297
28289
14093
1390
16235
2693
17586
28588
7785
3742
26221
19627
23590
1414
26273
15757
21571
24357
11557
9249
21863
4950
26357
31682
9873
25070
22055
14716
30381
21499
24097
30577
27238
25161
8202
28539
15420
25899
15230
2323
8918
12663
1926
32370
29081
1747
22471
23797
10105
13103
8697
25798
24591
3987
6043
3001
23276
14875
2021
10100
3374
12608
7679
723
29009
13400
20336
25227
2375
3424
3801
15629
18122
10234
5859
10669
19953
6578
24950
19203
17921
32645
7980
14481
11398
21668
17157
11175
24227
9845
30300
29572
19623
18907
2329
29886
3040
30135
12841
14308
15028
26287
13355
19297
27373
28718
14956
31907
1621
7851
534
11389
24963
20271
9124
17098
28916
24593
4249
1364
21598
24324
6514
22004
11328
22613
4057
7162
28094
11117
22811
23758
10412
2205
1244
18392
29673
31771
15370
14750
29678
10823
7183
31276
12198
8499
21067
15033
10113
25443
3009
5767
25284
4049
3344
6923
26403
19252
1702
6990
20113
20098
31024
21139
28503
16052
15956
6714
19043
12745
2467
14052
13283
1293
30153
216
27155
26779
29191
27558
3667
17441
9188
12554
13437
22755
4383
8978
31861
17667
9703
27011
27138
19455
27470
11898
28380
2171
508
32335
23302
27457
13600
24254
10077
11142
14765
24905
20082
3183
28098
13528
10133
7123
11369
31395
30770
20035
2437
25169
12129
7239
2566
20833
32696
1259
11359
6602
19299
6522
21818
990
5751
30346
29802
12148
29572
20024
30241
4166
7786
26549
21603
2456
14701
14338
23738
27931
24715
30711
32300
24848
1804
23434
13162
29104
21340
20046
23882
20940
27926
22842
8567
3761
29025
5548
8551
15182
383
20909
7566
22169
8099
18807
22738
28974
19971
6709
20542
22073
9263
21001
6906
15255
20129
16723
1659
15672
11413
28977
17143
10184
27
25410
13340
22158
25706
32432
14849
10388
32375
20077
1629
20744
7110
29884
20983
1762
13184
30708
1629
22471
32199
19584
12249
8749
5446
16427
19361
31425
22284
10907
17998
261
29850
1818
16015
26430
27706
23453
24607
12685
23443
4350
27380
28764
24699
8333
15034
31227
31756
15047
25215
26507
11258
19301
12464
22812
11811
32409
12100
17682
8808
11156
29751
22221
32444
18507
22074
8329
2426
19067
22953
9346
19964
6634
27069
31068
16233
30705
12803
3523
32206
55
11276
20303
29041
9919
13670
14506
12386
22309
16844
2804
25170
6436
32154
13926
5800
24156
29828
13878
16594
23890
4230
25531
20185
7609
1310
1234
3641
6640
31418
6528
21231
6603
3692
11481
5331
10902
31205
11552
30504
22615
30625
3887
28274
3156
14175
16665
30855
13525
30420
12303
6889
6699
4768
25984
6995
1265
9089
32644
9874
6546
31687
2171
22934
3340
6408
29169
24777
5875
24084
14022
8608
17592
10539
26763
8815
4651
6766
11310
9345
27455
7828
27098
9320
31501
4574
13337
13458
27676
3917
10812
26141
32224
16402
23036
13292
4992
16198
25697
9211
8157
26075
27107
4847
4815
4819
464
24050
11185
17327
16621
24253
21793
4395
4960
28150
28161
25640
28109
24509
9153
30442
6592
11906
16865
30339
8523
18457
6833
22671
7664
12560
27996
14626
28352
29248
27940
21759
6597
1186
19951
29707
23710
12132
31235
22529
12393
3132
21774
870
17638
9725
12393
27840
14040
25960
21661
29187
1455
16452
17447
8268
3173
24241
7032
9169
422
10937
12864
29720
17203
32296
25068
4200
28808
25245
5485
24702
6333
6114
1596
3456
32682
21625
19099
26423
15950
29815
6429
10616
17010
2710
25960
13795
29065
1925
14906
5585
29403
27522
29866
22663
25826
13867
17585
8624
500
2193
5864
31754
30755
11663
19347
17503
30818
31834
24287
16567
16617
18776
26216
14284
9946
22838
2046
7358
25380
2613
19881
8968
9895
10180
31466
20147
14746
7252
18244
21705
10794
30056
8699
24589
20068
28139
25372
3561
7509
29383
3517
14248
9072
21939
1926
23525
5680
8780
26993
15427
19198
18792
19917
863
5460
5799
16265
1795
20515
9291
11951
31389
5746
16713
3631
9711
28488
32159
32478
29703
28877
20713
11198
28274
7852
3887
15232
30893
1979
8194
31559
24540
26334
11207
9903
4798
19241
13138
28942
5601
2884
17847
13306
2066
2068
18524
26379
19224
663
1363
17633
9378
2320
29671
16745
27517
16229
28533
13661
5386
1733
20606
25354
14064
18573
7161
14422
20750
26733
15598
29185
29620
8647
31808
1067
5650
21591
10955
27671
12528
1049
12718
20270
29088
4199
31978
2887
6449
26210
29741
7205
23526
12948
30184
31297
21734
21972
2215
22218
25141
8553
13986
22763
31971
7794
18319
16460
24964
25733
19643
4315
7392
17302
13145
11212
20715
17690
20762
31198
17911
18541
7934
2785
7208
15985
5737
20085
12584
18553
25721
18964
3613
15973
26519
28755
29144
24590
11084
32100
19279
13796
22102
31968
14414
25813
16124
23747
23657
31089
6558
12729
9269
28236
30096
4248
18616
29092
31785
8493
10013
11844
9750
20027
16556
7080
23284
14017
30458
6498
12063
17532
22621
22973
13252
2989
4259
24479
3390
22556
20996
5044
17311
2909
19028
13512
396
12370
30846
10101
13647
26609
30253
26879
18471
4935
2508
10620
24546
24253
5297
20792
24238
4763
12693
30039
5421
19658
5960
32700
23239
2014
5026
3626
68
4948
12989
19625
20634
24855
26209
20268
5123
19529
16832
11888
18771
15681
7524
27687
2441
20176
14181
25174
18852
22729
9183
16892
28344
960
8611
25844
26688
18961
10029
30492
17590
2597
15319
15031
29793
3568
29004
27664
11887
11198
4414
2145
11331
25648
21340
31730
12048
8577
12158
31621
935
31758
8227
3314
30861
10262
26910
783
31313
28862
13964
28882
18972
25688
10249
22458
650
5604
7204
5482
24248
6103
20496
21656
30623
5148
10140
1317
27552
9561
12644
8077
9311
21875
15177
14210
11989
25940
2848
8660
22945
16876
4007
12692
3487
19061
7613
20601
5308
19452
3538
30338
17161
22045
19868
17629
13838
19726
14859
18440
7776
23775
21888
9526
18294
12799
11834
14068
20920
6915
2320
23820
21209
30627
9318
938
20583
6405
10074
9661
18592
30527
4414
20128
15752
24599
15691
24314
30264
780
20115
6371
27257
32411
6200
14152
3217
21179
21980
5264
25949
23722
18520
9343
13984
16363
2737
17755
6043
24720
13128
11342
16350
21173
5456
28940
29789
25421
13957
31925
19142
7713
19739
24573
14098
29973
23029
21642
5979
27821
13080
28062
12781
29137
4703
15349
22943
15565
31856
26865
11364
26012
5102
3316
8221
3430
11505
17677
20913
16711
13491
19416
19040
31314
16780
6559
12116
24278
24352
20421
3961
10463
27351
29541
17295
22016
5261
15158
5246
1104
22411
29874
7145
8371
32694
17527
4869
19035
3847
17901
940
3982
5947
20009
4013
26537
23500
22033
16999
3685
20511
20417
8342
9305
17919
27438
27244
14528
24650
3593
17380
8317
7658
743
14163
15964
4359
9118
17983
8347
5755
754
31861
6057
8583
22897
14678
10797
28612
14747
9074
2634
14684
20294
31320
28705
12665
11841
15019
32152
27390
29752
18553
3930
30070
16855
5065
7968
17993
20274
27507
6958
16950
8037
29237
22304
31485
6007
27138
31206
30044
31877
18845
3342
2877
7452
20583
4417
15918
10726
3190
15377
3601
393
1766
17138
10261
29644
2676
22405
485
16380
14408
14621
13599
21134
24339
32636
12039
1541
18522
733
2173
27414
28690
1336
6700
23562
23148
193
8453
24421
31730
16305
1772
7621
26579
8522
9136
28428
14459
12309
2625
17089
26215
28015
13853
26548
312
30275
11532
30433
32518
25881
26893
26007
5622
5456
7824
730
21519
11175
13029
25605
26953
2051
30453
1204
22503
1132
31280
7648
32519
9560
2502
30796
13176
7980
12314
15904
23243
21760
18548
4052
15533
13474
31477
24656
32372
5086
13521
23634
31991
29437
28856
24847
30883
18572
25493
17949
18379
14943
24955
32400
832
26581
3804
21860
24866
10588
12797
18715
12789
26936
14502
19110
13303
31105
17950
25481
12465
2923
23895
1851
6349
11211
31589
5067
4647
26838
13876
17865
11303
1323
13179
9060
11853
23572
3052
8912
13581
23304
28334
4075
4318
13429
6412
29983
7054
12221
30319
2954
30680
14974
31881
30300
28472
7959
6100
19841
25086
1128
15419
15233
32162
6873
28182
12964
11607
6813
22364
32089
30946
30520
15636
11736
17837
27710
26893
12551
11799
18270
23503
2202
25359
5024
23249
28799
19425
2539
12013
29561
22607
27338
10000
13067
14564
9583
13110
26263
29061
28665
11158
21959
31305
13554
6169
21036
25227
31260
3089
29733
10813
9325
27176
7939
17790
15704
9366
4202
32367
7502
19864
32506
10563
8069
3101
3119
24214
17144
18626
3462
12288
23727
9984
28898
2793
16192
7844
16429
15775
31638
18816
2114
21157
7921
14689
9995
13903
4654
27201
17638
23179
32329
9405
32078
19714
23072
25801
31415
29536
1401
6306
2489
25071
5447
19460
26481
107
13609
5022
20261
28946
16948
19651
2854
28154
754
1378
3323
4263
8362
8248
20667
14301
17890
2372
4027
32691
1571
3707
1641
32745
29436
12478
20856
17531
585
265
9790
13430
10678
24045
27226
23307
21374
9536
28313
18146
4217
11795
20763
29617
11093
7908
19121
29196
291
29717
27530
16767
17174
19101
2831
4314
1416
17150
28427
22732
16446
4215
28175
1203
9197
2170
4373
7603
26877
18016
30819
11269
31628
14172
1970
17042
10422
8877
7568
26817
12564
536
23043
22157
25730
16022
14447
14042
11046
9546
185
25609
8110
10421
21421
21194
7896
16941
22173
7985
28728
1931
16971
28685
27702
18725
22794
9333
17238
19452
2079
32675
19132
29750
14445
18182
29167
29646
4690
1682
17885
20874
14540
28507
9503
23597
16352
1122
2431
24046
25148
2478
2743
9258
14875
27039
32380
12118
361
1152
22971
7991
7463
7771
14115
12117
30738
24337
9955
22445
28799
6313
11189
26022
23946
18409
2331
8518
28527
803
18152
21158
28472
19282
3587
15267
8601
29542
17000
22999
20760
4571
32367
1224
17264
12432
21329
15454
7736
11991
29416
15259
32448
2504
9910
9094
18748
32476
14377
21096
29476
15543
11805
15163
19674
5700
931
20832
3726
27655
15361
23696
11359
16303
30714
18709
13762
9707
28751
18490
17448
2687
31109
21760
15579
31383
29929
28946
27177
26971
21202
11771
12229
8899
2598
22167
24170
24749
10527
19655
27329
13869
25423
28521
2949
17700
16610
7304
741
29204
21284
9167
5930
2610
4675
15684
32409
4029
18517
22579
17051
8335
11676
22119
24091
10994
6665
1952
6960
25780
28672
31042
29692
14462
9307
28235
31444
7521
1969
4999
3488
3250
13528
17415
22661
2584
18600
29135
27586
29155
18178
1743
26840
415
20753
21013
2798
20201
4304
21824
3699
8322
32205
1592
15365
23970
24364
22812
6802
1935
12014
9852
3261
29037
17012
16841
23939
10840
23614
21513
30
19888
2809
20175
1833
11700
31161
2923
5894
3155
5507
27230
22397
22078
11278
1809
10405
5186
26570
21446
7944
1749
19746
12750
2818
8175
7422
23036
3946
20251
16525
10587
2932
21453
8769
9756
23510
2550
6171
20690
14122
25814
17192
5602
10644
3089
2124
29492
29604
20230
1598
9775
20606
25180
11476
30181
26424
7133
22913
28042
27523
8328
7452
6955
12686
14561
3810
9884
14631
16268
20671
21683
29732
24090
10441
19123
19457
3107
21517
9739
10954
1173
30351
15425
2875
9547
19596
5929
21543
27874
258
346
790
2760
19827
14050
27186
13717
18149
3641
1380
15263
31789
11636
10938
456
18797
8123
6668
25755
1244
24317
12255
12184
26821
9698
16265
7883
24275
7682
22678
7844
4235
15956
31595
15874
24858
28137
297
1681
13393
16090
15060
12118
9966
21887
2997
23944
7197
20449
764
26530
17470
16754
14506
20150
233
5884
29102
25092
18991
30424
20302
16587
31011
29024
3529
11871
7066
5542
5691
27772
13614
15975
26560
4058
4489
11066
7132
769
3040
14861
2587
11103
28605
21714
20212
25752
22274
26486
14835
17949
10539
29203
26392
26368
8147
2918
1914
5127
29817
26499
7471
11263
7045
14023
11888
5714
12422
28943
13305
2012
30654
24871
18095
2555
6368
1158
20613
30693
30488
4920
17568
26175
19020
17435
8890
10475
23970
8526
18884
27425
5954
231
24015
3521
11613
30180
17708
16359
11374
19813
210
1472
12991
27672
25601
8605
1327
8180
28453
4934
24884
14890
20989
8593
12316
1368
22780
8755
32664
27648
18928
29653
25466
25402
29665
24171
9406
28069
30268
19905
25031
19107
817
6742
1004
9670
8537
21614
11827
23173
12444
17763
2396
8244
13906
6972
4386
12851
13480
29312
18109
18533
4421
12877
27819
29667
20270
28324
12208
13298
8167
17671
24860
22323
4060
26438
9804
32026
20991
18582
16755
19361
28337
8419
22427
11582
23014
14951
22502
11026
13444
15740
26650
14179
15629
28334
31324
31820
13182
4885
28732
691
13431
28386
28402
17788
20379
4663
18663
1276
23866
26684
8312
28337
22318
15471
10230
27952
14594
10811
8945
13406
11098
10957
3254
24035
32398
13603
2070
10716
14489
9317
31849
14288
14898
22649
979
19430
16184
17618
3782
29781
15955
24968
24776
8987
27609
12974
19063
4082
25582
23008
17610
30336
16368
26139
20889
1230
6930
21969
17760
3579
19014
32573
24128
21810
19297
21237
19526
1241
12153
11454
3824
9739
1170
9891
19437
11337
634
8777
805
26988
32498
31869
17401
32222
27918
7951
18380
6410
27615
25827
5570
7697
10319
1093
5063
191
5707
29565
10452
28349
17704
31651
21613
6408
21311
28085
24431
12705
17627
11751
2568
29063
16982
2362
23303
15074
382
2384
29782
11137
24125
14975
4292
13190
26234
6180
3848
1120
23866
4922
11779
27642
30987
26411
24134
28722
24994
12517
19668
16013
12483
31793
2857
17449
31329
15168
30843
499
8199
23687
20543
28953
29558
29390
495
3011
27792
9091
13835
19966
30324
20307
9310
17144
6123
10492
8066
29299
31491
11868
31142
17012
6137
14286
9871
8507
1884
4535
16093
2936
16240
21596
18576
17084
16593
28151
26826
18478
30296
4873
25302
28543
19522
2289
2154
7712
17039
32446
32553
2738
32425
26690
32620
4286
8262
3943
28738
27814
23951
20423
1206
29659
10882
12406
15952
7505
28565
20514
30942
28208
5020
22367
25459
7885
23788
25916
2737
3032
28097
10778
22596
18391
24541
9406
11183
24786
17266
13732
28747
11856
1346
31894
21644
15235
5
13438
1671
8640
15627
377
6577
26418
10274
25900
31210
13774
15034
19803
4026
32393
25159
28855
31194
23753
9703
28152
32758
19994
20293
24876
8881
4643
6845
25423
27882
18136
12993
10267
27197
5361
31355
11809
26317
154
27571
13593
23617
12908
3060
28279
12301
19612
15594
7231
9971
8306
27663
4633
12745
22525
25991
19624
30588
26630
20039
4888
16469
24130
2429
22262
9851
24523
3372
17989
12218
27601
27159
17358
13442
13965
2785
14775
14387
12407
28274
31319
5783
3513
24989
9033
10928
25059
31743
14015
21173
9184
25642
24345
30039
11817
7939
4279
27720
3896
28264
32267
30718
15936
790
4594
8373
2075
1482
25668
10419
18564
15271
23721
29647
17286
18904
30639
2100
13108
23670
25114
3171
23963
13484
24188
26231
18165
25113
10501
24749
21536
11125
19867
30499
29006
27256
9261
13024
4349
24311
26437
13845
5930
15697
6365
23970
1217
31753
10612
7132
30553
9396
5473
28814
20766
11286
27750
8766
7438
5512
30600
7345
873
26012
28958
6321
25186
10244
809
28941
24347
3248
32739
18658
720
24631
2203
26393
14419
25464
5823
27441
15800
18049
6971
16190
24145
19120
10241
27442
2269
20503
22505
11612
5628
21029
26812
31790
21222
6019
15243
21827
9309
6461
12102
32161
21984
25890
2442
5947
26914
32621
25017
12218
31162
1957
16976
11388
2332
9409
29813
14301
18120
31888
10704
5046
10433
14936
30876
29988
26689
26814
24062
19851
13995
8933
14997
9434
16065
24794
32082
26896
17943
25392
28810
22271
711
487
23881
24655
31079
25235
30954
12999
30520
22969
20708
17608
31904
31613
10471
2842
11227
8058
32552
15340
4077
23538
11001
17173
20443
15399
18844
19360
8730
13832
27993
648
5192
8976
17102
30400
31514
16492
8327
14966
7830
31324
13518
10649
30338
1755
17860
31129
2844
4994
14257
30318
19979
2730
19865
4315
32662
13265
22544
8692
29716
13119
17998
2014
19875
11496
19846
32726
32285
3733
6772
24948
9544
17727
16694
7985
8013
25019
24412
12328
22380
28829
9282
18201
13037
2390
13214
31411
10330
22687
5717
17171
22251
10779
11667
28808
12866
13623
23578
32665
5720
12630
23002
28233
22456
29995
26050
30361
9195
9573
18903
21071
17971
13970
25987
27638
9340
17981
12847
8486
2191
3930
30228
31237
2441
32229
6477
31246
10635
9669
20785
28177
31668
8438
5601
23419
26188
6375
5661
29912
21826
32545
7516
14230
28889
14634
8219
5900
11422
17321
25205
22715
17053
4298
27892
1491
28372
9700
17319
5625
32488
15450
4980
14151
2583
27071
18864
22420
25966
4925
18925
21238
10300
12343
13843
27526
21702
8237
31923
28259
31036
6112
8599
10746
23788
27063
29854
6532
3510
11618
10951
27087
25024
2749
3467
15170
16747
11255
13424
17692
19845
6899
31963
15868
13760
3566
13349
11686
21346
26467
10226
3076
23615
27947
4286
20843
16868
31465
2745
23584
4374
13221
4309
20251
25979
30391
11805
19978
17814
7143
22856
15001
31481
15058
11918
22257
15029
400
31674
29054
12822
24211
21121
32246
19341
466
5394
16279
16366
31015
12526
26800
18395
27638
31738
21346
384
14864
26578
14248
24194
471
32609
661
11825
20898
25263
13021
6149
2147
13561
24215
6728
10631
12551
17985
24848
10269
22458
6405
2416
27963
27877
20026
9455
7581
13917
14382
4409
25232
12628
13347
30741
14862
12770
7063
2967
4651
8421
23241
21143
13232
19467
20600
6498
16389
31789
23278
23214
18004
17887
13885
13524
13291
18501
4041
16185
9186
20008
29446
21517
20990
1352
29571
8761
13526
16372
14376
7058
820
29913
19388
4947
10430
28952
22185
8394
28118
28827
9732
6737
22206
4264
9160
15488
32256
20662
9314
20897
28173
5504
11635
28004
15908
25177
6609
4309
30325
15551
16079
19082
32647
28210
30398
10017
8407
6215
13491
1514
21186
20216
1419
9696
26532
11582
8749
32478
20546
6114
30479
15119
32613
8847
17660
25767
12488
19245
16148
7120
5940
32618
18964
26855
13802
8345
16599
32489
26945
31168
25117
552
25232
23532
19340
10051
6990
21704
9716
15956
888
13166
26327
32363
28467
20349
19241
9532
1971
18028
28500
16148
17243
8990
10367
11026
10534
9142
784
12179
25413
4524
2671
13038
25866
24609
15885
27746
10244
1135
22438
8524
17516
15621
18115
17053
26815
14962
1410
32396
29869
24255
10905
6792
15154
1794
23705
10609
12291
4912
2672
29191
1067
8243
3378
6563
30198
10300
5913
26405
22542
32091
5066
12845
5092
21069
24025
21134
11089
17813
28048
9215
32126
8910
25836
29204
21249
20031
7401
24685
30024
3760
6143
9006
21819
10620
32237
7086
1309
1256
1205
11636
2483
17587
27368
24415
18089
5358
26403
7460
2609
5902
12506
11518
31725
9536
1620
11680
29455
24572
21495
12399
30655
14813
24774
17390
29629
30128
9256
633
22087
19147
10475
31031
12093
9120
8584
31562
1411
10897
4521
13640
27815
6406
12520
5359
7619
31933
27354
22804
6053
26466
8268
24029
2606
15456
3532
31024
4344
4342
31596
31595
315
21133
6594
10326
20210
10057
12339
15446
19769
15582
114
20963
19962
31141
835
15163
25800
17391
25221
9304
20747
21401
21615
4384
21342
16864
15386
3037
29237
19319
13119
6124
29123
30935
24899
15545
795
8407
17264
15595
28309
31100
19078
19931
15731
11026
29042
25419
9924
6523
12637
25429
17289
22472
30440
22177
19991
31238
31926
26843
28860
14682
12076
19812
26533
7761
32116
23624
31231
9585
15304
31601
3677
4628
31469
10266
24154
25462
30973
13446
3455
8204
3946
3569
10087
27415
16960
7879
18720
6266
21674
8468
31189
13000
1720
30011
30378
10146
24671
20716
30184
3648
11714
23120
9562
15437
4271
902
26615
7416
19309
14931
5824
32328
10421
16405
18668
18607
9470
15865
26435
21731
15614
26990
3784
21481
1389
19674
1690
32114
28684
2187
19740
30827
25062
8176
84
12752
32469
9993
9617
5569
20041
25628
5201
24279
7493
14762
2145
28600
16810
27809
8006
27369
8888
6867
17628
31972
10962
30119
21309
3179
1665
5390
27108
17691
21692
30393
16403
12356
11367
32138
30321
20472
6937
1352
11256
28770
290
24214
23054
9049
28365
18214
15346
6709
26338
12842
17754
20962
10863
29963
27739
17715
29128
11358
19080
6520
14029
27924
22878
31058
29803
5616
19936
4550
32614
21823
22398
26001
23637
14019
17979
27323
14062
19952
23567
9839
24195
20571
19850
15114
27597
13423
13755
7282
29673
10337
336
24233
27808
30055
5374
21154
9707
8997
13092
25939
31926
28520
25771
29963
10981
28183
26928
4358
22677
25959
29285
22335
21156
14925
11956
25733
2675
313
26406
2769
17130
1793
13444
16855
3773
26139
4028
1499
1006
31760
16773
6342
18580
21293
30022
22905
23770
21628
29492
9569
17994
22003
17851
30795
76
22762
20000
15994
21993
3283
3172
3319
2261
27173
7787
13353
27053
31129
14942
24741
17789
7065
10317
15943
19589
25589
32537
20866
22077
24025
10385
31476
9878
19452
28891
22846
6275
14617
9494
32018
20920
27811
1341
9102
25521
6069
3406
27336
32247
20040
22956
13482
5535
8360
10946
11264
9747
26921
19434
8143
28437
8725
24973
10472
21504
22506
25227
19902
16465
3010
16605
6261
13671
6675
1401
21307
25991
31128
25461
24283
35
26255
1648
22415
4956
20005
8238
31766
9925
3631
31106
2823
29546
23834
2673
2661
23825
28197
23956
11635
4287
9677
17086
19658
27774
29321
5343
9384
5214
7608
5928
19851
22714
10456
11632
8959
20924
2808
29655
3252
21539
25200
31145
24019
9028
28367
9093
16018
1103
26389
30910
21511
5844
35
24577
6713
5766
14191
3896
9341
27198
13820
12975
14336
9283
24458
3957
29856
22472
25098
9478
0
26550
22868
4646
26331
12972
23324
16656
10392
16452
32546
7888
8479
21401
14250
25070
17644
1798
3628
9292
25441
21808
6220
21585
25441
13126
14604
16711
11802
8327
577
18178
15394
20229
19012
23747
30918
18857
18921
2908
28575
15224
22197
3732
30822
15380
3403
9676
21768
17798
40
22499
30205
14138
16016
11864
22742
2635
18376
11182
13590
6914
16006
277
27459
11161
28838
18246
27197
1092
1822
16047
32462
21618
29236
23248
16769
14671
26095
7397
5816
3470
31435
453
29945
26215
18096
1802
25993
25051
549
2930
29500
10815
3522
3717
31627
21240
27619
4984
5607
29316
676
11090
1357
7610
14857
27213
26651
10322
19068
19583
6690
20135
20349
19897
31996
11452
29333
14512
6815
9853
17035
29018
22067
9544
2779
16027
7969
20140
16228
22305
23149
6257
20577
13709
30277
24024
31386
30675
23514
23075
26588
19939
13166
11352
13222
15241
11950
18499
10277
12689
19779
30906
18274
16944
20388
22309
29883
29855
19502
23613
21136
31753
6774
28179
10302
21927
2270
3924
25681
4650
4198
5068
3829
20057
31429
32298
16558
7931
11961
27395
29001
29687
5787
11545
13075
14010
21814
32476
11848
10201
15577
27953
28878
16375
15531
24435
26147
6122
14399
24759
2965
7193
32104
3669
13489
3880
19535
20388
29693
8152
9666
15108
31722
5672
21455
19490
3076
23489
24722
20343
15980
25488
28491
10002
18824
13493
11187
19608
2553
7324
17297
13449
26829
19561
7816
30404
29174
26010
18483
24654
12027
14823
16500
21071
6638
17005
9736
4701
15518
4620
28511
28669
20493
18190
9643
25447
28709
16393
22072
2442
14246
6150
11771
8528
22627
11746
29549
28195
942
15093
21146
9136
14097
15602
12148
16107
16703
14094
29294
28755
4937
3685
838
31607
12821
1433
26146
12217
23565
7100
11999
24146
14100
21104
16038
29078
6846
8012
32704
2425
19136
3202
5035
16723
13733
19647
10093
736
3011
18003
25128
2699
17006
22930
8687
236
22379
26234
31448
19855
26791
21910
11346
1783
29737
10273
185
9186
21574
21359
19240
20943
19476
27529
30607
5310
14369
24856
24837
5175
14180
22148
25183
14733
24691
20572
21761
868
22263
17657
29172
12913
21853
20318
18745
13185
32463
2403
17245
27325
3427
20755
24910
17452
12434
32082
11885
11641
12267
17859
6372
23799
9736
25064
9274
2530
26562
9099
10789
31208
27553
4189
7583
2023
17814
16094
1083
2041
2797
31356
6586
11438
12925
29439
20953
20888
17698
31524
11374
20237
29293
6792
4019
15144
23961
30408
7394
15377
14017
22503
13058
20350
29777
19440
5120
11130
16571
11740
24577
7270
28779
5045
23287
1085
5116
26620
12402
24348
31404
12873
10682
28929
14605
21297
2586
210
2046
14188
1406
17570
4058
17975
1345
25393
29679
3832
12096
11953
12850
31265
25395
31952
11056
342
8765
16370
26184
13010
5313
17854
26136
1031
8824
16093
8501
14212
20672
29694
29471
23068
23351
19486
6516
6981
14985
2054
4451
1214
3462
22293
26980
21877
6264
10559
23334
935
20147
25174
16841
10825
6765
21128
16462
26023
22224
6186
11340
25419
12366
20148
4324
10528
24373
12044
24054
22487
28803
1287
6037
27786
4347
7725
6585
17823
3704
5564
17460
28400
898
8688
8936
31016
24863
18050
26166
24688
19179
4206
16314
17996
31083
16122
30517
703
5791
32244
19402
20662
18646
5435
30062
6564
24518
12673
23194
9321
22492
10830
20034
11128
10193
26952
27147
7737
3198
22195
22713
4524
18161
28468
9446
9296
192
26330
24570
22851
19101
32094
13655
11946
26923
26538
15828
29523
25617
29337
10093
8089
2892
17150
1337
13704
26313
22247
23452
27714
17459
11299
15549
10913
22282
12289
2362
5406
7925
23643
10523
13042
2137
9683
20741
28283
31530
8029
10160
29920
19457
30462
24475
14584
17263
12243
6399
7528
12178
15700
8193
2572
13285
25562
23339
28825
19292
607
32285
1152
12465
10629
21632
10773
8440
9178
14652
24816
11386
21339
3563
11667
2496
2103
18061
17998
7918
13525
23933
1888
13651
8983
17316
29279
2877
3809
8428
15578
14354
18901
30967
12860
5788
19553
2066
27891
10661
22524
27748
10962
11972
3756
28523
16564
21366
9164
938
29027
16496
2572
19099
11192
28468
17081
14059
29699
32227
12863
7910
31916
30034
7660
21297
12827
13663
14070
3511
15830
31622
22208
19685
17641
14255
20569
28442
25995
9034
31557
8793
14334
20126
23425
31810
22199
6238
2753
20032
12735
17278
18172
2563
12633
8004
18986
18993
27621
30114
20301
21336
29444
13251
26798
8488
31741
228
2921
21471
26464
14181
29739
4612
27625
29728
18747
12888
26790
12281
7607
16906
8796
6070
14881
15146
28712
5650
19994
32608
7010
17420
28524
27358
30406
13189
2638
5011
28886
18442
9956
2209
9594
4591
10246
9746
13034
24477
26434
20678
21965
31020
21028
11952
4259
14901
27828
12099
25184
32225
23873
30758
20569
4422
25949
2607
18276
8180
27689
12943
6203
20170
32211
7242
4898
30991
25692
5611
1738
17342
15775
24437
9844
31520
12943
5276
7001
28320
13248
1845
17738
16092
24361
7660
28308
20984
29480
2869
30502
25143
29382
28805
15094
23244
24381
16833
14240
30445
10935
31991
13648
22314
18521
2636
30435
253
32128
22581
13641
31906
22602
2026
27182
1320
28505
15896
11737
32457
20179
27606
11348
10103
13997
9179
30157
13751
3626
20462
11836
22962
12446
23197
24646
21641
30584
8498
30561
6634
9599
16867
9530
12257
5980
6729
13908
16624
23897
2580
6641
5217
8808
19964
8501
24795
1127
1787
14729
11572
16802
16825
9790
13190
24474
4680
32114
31365
12037
6161
27704
6415
20757
32270
1523
22533
8701
19258
8963
9818
11442
5958
4772
4969
3054
30606
9234
17292
23675
14411
19186
4842
9390
13834
25325
23184
21810
27485
22174
3012
18182
1744
11694
5525
23241
7454
17981
18615
7478
19365
15748
11662
5355
24344
19385
137
7534
21108
5939
18609
29553
14901
17103
15490
22101
28617
15250
26873
25326
4421
2448
20206
2950
10583
10252
27300
20772
4987
10464
22943
8718
28786
10016
4789
396
16113
19706
25704
23791
27798
28896
11635
12754
29471
3562
931
27040
21982
7029
15592
3670
4968
2065
3756
15498
24462
23450
14179
30381
14734
17572
26212
15757
12938
5404
22007
4637
30776
29229
19375
17529
30684
15201
29434
13349
11635
27913
17910
26005
29489
478
30854
4339
25902
6120
6566
3612
11613
23711
24315
16876
19389
1105
20142
28859
11987
20675
15227
6695
12375
27419
18181
16916
18990
5373
24173
19186
6040
29941
25890
17727
30379
533
507
22604
24064
21215
17027
10307
15020
21349
2196
23913
27249
9902
30247
12449
9782
14172
19306
8498
28853
15244
27411
14281
23924
12286
30964
31426
17398
3702
18128
30627
13106
17249
878
1513
14660
9916
24555
9992
21347
31794
8020
10157
6675
16004
17525
26182
32155
14894
20971
25284
9914
15176
20609
31647
20374
21162
4025
31771
10485
30291
21672
24523
8111
268
27399
28499
5732
21832
19592
6769
26474
10063
21094
13119
17161
12955
9536
28338
15851
24194
24359
20071
9166
5654
5110
22431
25212
22346
13281
15240
8445
15702
31825
21694
22283
2652
27376
7697
30918
29771
26367
1673
2729
14596
5360
18087
12733
15803
2097
6894
5132
15776
18246
1954
7513
19391
22042
2512
31758
11301
14999
22926
27254
18501
12148
8580
6188
17050
31054
20395
18388
28045
4603
25429
29960
10648
7707
23662
5781
28332
24815
12289
20712
1232
8815
26109
11459
12300
15254
17466
9781
21381
15617
10935
10184
20457
25528
1318
17916
8461
20556
30122
20212
32469
13346
7391
624
1365
26894
8987
1531
10293
10019
26355
26982
30042
19658
29953
20340
27330
27922
11493
3799
25520
6215
14218
24411
24842
4806
12971
26466
12543
28175
13717
15760
14828
14364
4910
12999
27777
13554
32054
30806
8480
22133
27853
30317
25733
26240
29749
26325
30636
5941
24026
2013
1775
28050
15503
31640
23664
14917
20763
10053
4534
5314
26868
9999
1179
3218
6730
10743
4965
1262
327
18958
25651
28300
25238
13543
15259
21433
22306
14412
9873
27304
25888
1840
31626
8714
10831
19173
30434
23518
31614
21647
30331
19083
7504
729
6312
9260
31292
12262
16969
8235
31191
15243
20535
29457
23894
1467
30690
15516
17742
27970
6968
7187
17599
9910
5065
24278
9553
32683
14633
32057
16605
25127
9878
22930
5167
11350
987
30097
28427
12414
21876
4560
25965
28980
6131
27563
26133
28113
10915
3410
6723
4896
19818
25628
29376
9305
13812
4383
1565
12371
13
10237
9279
26357
32079
20480
17180
25326
10238
31594
10431
15269
15664
10502
30354
29555
16945
25603
31196
5649
31013
30210
25993
6988
2287
32622
22826
25088
23634
27148
22844
22339
31830
27091
7341
7649
27118
32765
21404
18953
15063
13406
19297
1349
32195
30965
5069
11951
10679
27585
2482
19299
7346
27349
27302
23344
28047
11951
22021
26003
5420
24262
24373
21221
13004
21602
5422
26067
28602
32688
9017
26895
17968
8982
28407
25925
12150
22724
22438
29521
32078
5772
31392
32431
25232
9203
8484
3122
28434
13960
15193
22777
714
10356
3216
26016
31799
32083
27850
16819
9724
10562
17274
11112
10191
20025
8076
22413
32401
25500
4261
30143
16318
31756
9645
17629
11272
7555
13451
19388
21823
24480
20271
2588
23412
17471
2518
13787
1374
32333
30345
22633
14333
6875
31207
24700
4476
16496
23845
31749
11100
30884
16723
20066
18383
14314
22497
22229
28258
6062
1121
6965
15327
30368
19342
27363
26994
29519
13198
19968
20234
29945
31092
29917
25858
13985
16393
15283
2305
2147
7116
5781
2591
15109
8247
31138
16457
27086
21060
4479
13030
5787
9264
24581
4794
19503
24191
4406
2827
15051
6720
7286
11779
766
12434
1528
86
8895
17255
21622
26661
14521
17288
3877
801
4582
6106
22504
10227
13663
18911
30147
5852
25203
23423
25491
7576
13558
10761
14077
12937
25563
629
29605
19217
19974
19180
7840
28992
18779
25994
9771
23727
26651
12386
29085
4779
10352
18114
11674
20886
16966
26553
10378
19339
1885
9687
21321
29761
2460
17460
14880
26162
31657
25779
2549
8956
32694
27528
30142
13063
22686
15352
4156
26728
12592
12896
28133
18693
28106
32633
8994
25594
15403
18650
29370
5692
21890
12991
16526
636
9930
14088
7304
16463
21338
28037
31182
1675
17848
10608
26171
21748
17071
4155
22031
24856
12961
3469
22501
19063
5406
18567
17638
23015
21172
32331
16701
20535
24841
26047
8394
2067
27944
142
1051
28455
25
32112
16792
6792
20916
4012
28413
31311
15798
24539
7950
28807
3861
31214
10118
20297
5521
23666
848
549
14732
3347
9465
26308
539
22111
19814
6348
16733
4813
15042
13572
23308
10494
17339
22457
22865
7490
13038
23136
17373
23646
30367
5244
27957
9101
30894
9154
10829
10692
12998
32635
10329
28218
21208
23339
21728
20520
968
7280
3090
21453
11878
26668
347
14518
18079
2790
5688
17724
30965
16494
4938
27470
19500
7872
30633
10865
2886
10283
21114
21252
2994
18611
23236
3785
9153
17075
14719
21153
25945
20167
14830
7575
28909
29416
21551
10528
29868
21721
17937
28321
11257
3011
11813
9778
29468
13596
23832
8866
17207
20684
20799
11963
10875
10387
4212
20423
5275
18085
21537
4435
30593
16280
15258
15922
14401
21376
30896
10949
23627
10841
10883
29818
23268
12197
23191
23187
8919
20821
20522
5161
10343
9709
11717
18288
3977
15844
3346
1596
18000
9289
3309
29636
9129
21165
1469
30630
24136
7228
22533
8748
28642
21549
2358
9678
14493
13149
8904
2552
30405
16694
1928
31501
26304
17366
13108
23467
8004
31597
6213
31537
32199
11495
4108
5502
14135
16332
4352
32764
24812
29540
8023
10206
1499
28446
11219
17829
7180
12850
21727
27113
28238
9862
15834
18262
20009
23247
28851
24053
8724
10232
32182
27564
9192
17863
19877
17929
25493
4798
23051
315
25107
4927
16333
2145
22684
27636
24578
2824
25
23406
772
25582
27866
30476
12743
23820
21129
12063
14698
29908
17505
24139
3340
2232
17819
26673
31201
2283
15913
11082
24965
6507
10151
18966
28304
17471
1679
3959
30570
8445
940
29271
865
5520
14801
31889
9720
5176
3018
6415
9346
31442
5779
3376
6640
30554
5064
8556
3304
5550
16477
15674
11287
23189
7055
31281
9415
4095
4634
29294
18356
9871
27053
20023
28699
20566
155
21725
24853
14562
13779
1255
3363
32375
3346
30572
31754
20636
25431
4801
17121
22489
18328
20565
17000
19136
19379
6616
8091
21546
24999
419
10887
11971
6404
23124
10077
6601
20640
29112
11717
2832
12428
29423
4724
16970
70
13258
3841
8581
11568
29048
7156
28405
5441
16482
12577
25588
27131
13139
24628
11591
16285
32220
32140
16547
7321
5623
19277
11119
7496
6378
23216
16076
32733
30574
6046
15571
11416
11537
12926
27421
3644
1753
23627
11913
20162
15658
2281
5177
19535
25833
11193
27614
23140
31714
8811
22326
9044
5223
16915
29395
15868
25658
14975
31773
19374
15022
17352
6298
12910
8712
18984
8813
18273
12331
3083
7709
32130
19061
24169
15768
27799
24804
2898
5240
17508
25725
32459
24964
30
31982
13784
4474
28194
16754
9178
24332
24551
30965
539
13352
5681
9593
15784
12412
15752
24248
30559
31034
3817
16394
19016
13848
26811
28042
19497
24476
29700
29812
31828
17046
10717
2770
5316
23790
19748
29272
29032
30623
11376
652
447
8708
16458
7722
30885
29267
31130
6086
11885
12135
21599
18867
26927
18370
675
25892
32611
14802
17327
15505
2223
20851
15227
3420
4350
24246
24168
3253
466
18912
17713
15291
13787
10422
32031
18147
27336
14584
10365
29854
1373
25644
844
26422
23494
12444
8248
13817
31275
17314
29130
8602
5508
22819
29662
26580
8367
21594
2392
31312
14271
19927
25107
7369
21912
17095
32026
11886
1977
18805
6939
8840
5208
28433
13592
27740
18100
8881
19296
25171
21927
20885
8382
23640
6266
6319
13808
4482
32254
12130
6490
30963
31192
28555
24316
12800
23581
7870
21666
14226
18207
23762
18010
25291
14214
23455
26411
237
21154
17414
12804
120
28415
27698
22259
31123
2874
17182
2199
5549
10004
5463
15832
6756
12997
3844
15317
7078
2195
7971
31774
6422
9378
8213
17188
2737
3854
26973
31470
8369
11319
11941
9741
15025
26460
20481
32465
23059
27500
32632
5821
5023
24088
24513
2617
17516
20781
74
7303
3588
24097
23167
20472
24003
8171
13384
20064
896
32536
3027
13767
7024
1052
28821
7521
20294
9190
28043
26305
12959
15031
26822
12105
16030
10547
7206
30181
12499
18361
2918
18681
20834
9200
7000
4247
25697
15522
11890
18678
19073
12238
27274
16671
5361
3832
3038
12778
4223
19908
26967
16681
3073
32451
3599
17699
24051
21133
3088
23620
28001
3344
27743
11538
16904
25895
24633
25187
24504
623
6044
14285
28924
3414
24841
10847
1277
1396
30345
8590
25764
21023
7150
9330
17151
16697
29275
28467
19686
26701
9478
31934
23518
7130
21309
22716
20541
28911
23463
19908
22159
31992
27853
17359
7225
18392
32472
25325
14172
9272
6812
20023
17916
25118
4566
2821
2146
4033
3250
26721
31422
15516
4241
31419
12817
29377
25608
32734
74
23152
29740
16162
9135
15336
7949
14819
1407
21373
1920
16435
19414
11243
22050
15820
17104
29418
2969
21320
24817
31746
18461
3989
27333
26017
11320
23971
31171
5227
14025
31327
27255
30929
17487
1765
30177
21221
4964
2801
31256
26732
29320
31639
13874
24885
31520
6709
32104
15786
32190
16293
9590
7077
931
26551
13377
15749
2435
4318
4284
1920
22408
17449
15116
26427
6809
22901
20459
22935
8923
19426
23370
718
27512
12931
15930
3264
20384
12634
11276
16263
4302
30339
695
2129
4685
6063
635
25199
28154
25556
10436
22185
17995
32035
12881
1237
31120
20283
2197
27560
6777
13724
7774
25291
20953
26206
32692
31537
3497
29987
6404
14761
8528
586
31102
24495
15138
27237
5307
13960
21286
2541
18339
4238
30492
26933
9358
29896
6078
25757
19113
10429
15175
9480
19612
3210
14642
31888
27241
32051
25412
31608
8855
12599
16332
20833
24209
17255
14634
20161
15945
24567
26254
6802
18208
18390
20994
28743
31242
7739
24491
31236
5357
13441
14923
6926
843
18484
26891
16001
16929
26476
29304
32321
15119
28505
12491
13874
23224
22816
15213
22444
26220
18661
2490
4393
21765
4905
13062
7745
12046
11351
28637
21465
14891
13977
16527
15511
29620
8688
23788
22937
7844
4740
20813
23398
26802
313
27860
26404
27325
19074
25844
15372
2157
8058
21043
19740
29464
3377
27182
8971
21474
3651
6878
6786
24873
23216
27419
21129
25376
27111
17502
24384
27577
23332
2507
5327
17865
14332
8303
32415
24423
17719
19654
22219
13204
21981
2432
4561
30498
21651
15236
21134
3278
30504
26422
23145
1200
20588
19189
18894
10965
13377
744
17630
26922
8692
6651
20580
155
10445
11300
31499
23933
31460
32235
9935
2857
8759
11561
1714
2794
3066
24336
9392
4634
24110
3947
1012
29575
19317
25895
13132
14364
22821
12307
25563
10941
19355
29668
22542
23410
11474
9340
16081
24008
8500
30572
20226
18036
32431
28343
14117
11322
23052
217
13658
12301
32380
519
27533
20600
884
12985
17389
3132
29883
5990
31135
6203
16578
32142
6579
11412
24883
20990
4183
11536
29132
11344
5706
12477
10606
13233
4756
11480
26993
16615
17525
18160
22331
24978
18843
4681
13329
8369
21655
15487
26412
14441
10130
28011
28176
4354
10044
24138
10009
12595
6662
27676
10839
927
26513
10571
9372
5535
27750
12941
26834
13122
13799
19211
11154
1170
14982
963
7411
4121
25140
29227
21664
18084
29468
14871
17454
31815
13970
28380
9132
29345
27206
4022
3195
22625
20926
9063
13920
25097
31747
14113
2775
24563
4506
17574
682
30097
16053
17326
451
22008
3499
27273
9534
10656
17830
25093
14275
357
8603
28818
16403
31442
29568
24740
24032
31135
1977
9817
26850
6776
23763
2140
1575
17153
884
20489
10155
29462
14994
17618
10792
15191
7140
30433
1327
31972
27798
7422
16760
22117
26177
2484
10615
25166
3098
31663
26671
10849
24682
19817
2635
29812
3646
18438
5483
19572
23391
7548
10684
28586
30340
19958
25035
32061
30151
31867
25755
4088
6486
30410
24053
9550
9835
29833
20735
30107
28286
20895
30992
8621
22201
18399
11459
22915
29612
27622
30538
24660
3394
28998
23557
4564
7923
31204
30803
19634
10300
29854
30633
26213
24908
20273
3553
3112
10241
32602
27604
13635
14610
10044
25130
2701
2446
22786
9841
26415
21637
15813
28269
22186
12548
9136
21935
13340
17479
14178
16745
20159
25643
27795
13953
14258
15842
23035
21988
7420
21738
3183
29469
21966
28224
5454
31014
1032
15313
22555
4478
28415
23601
23403
16763
31613
655
8450
29154
25866
23273
18745
5301
7274
32380
1443
23884
28519
3199
7919
16039
24017
15120
4624
9219
16322
29807
2204
6059
8486
21610
12402
19473
30331
6680
13984
15133
3798
25034
27012
20421
26407
15167
17969
19934
17085
28695
29971
27698
11533
3722
31191
21714
18607
3162
6789
32686
4009
5638
16879
7010
26864
24129
24911
30803
14124
418
5420
10747
17596
21149
4477
21121
12538
8626
6417
19597
17088
21988
1070
10074
17451
26989
6777
10509
19358
7856
17429
19269
5642
367
22031
26099
22125
2110
32250
31852
7833
27192
4310
24764
17719
31984
16695
8509
27915
11947
163
29801
4474
28876
4155
5869
15433
9871
1181
20478
18599
27642
16650
4080
22382
18705
11716
23813
22694
9546
11706
643
20043
3904
5991
13833
11343
11435
13560
10018
31203
26256
4013
11547
6131
9653
2689
1810
20719
13144
4109
25168
5585
4640
22442
6873
3164
25428
1494
27200
21153
11339
11225
30912
7112
4132
27304
1161
2573
20919
15625
4952
27145
12746
11512
25162
13107
32137
30793
2034
29094
24880
26768
31913
32037
21259
25150
32037
8540
10912
28428
31566
7016
14379
18333
4428
4250
28746
8286
10981
25208
32762
15794
22790
1029
23746
4940
927
13379
9518
29403
28084
16885
25983
3565
16306
15529
5281
20237
3071
14070
23901
20015
468
32259
2000
25679
16975
27208
5916
8788
3012
11673
28509
12090
12117
16992
6111
20848
1218
24618
28046
10111
20610
6501
22957
21485
20498
1639
24779
8289
24717
8627
7667
23559
29565
14712
32292
31030
17904
6747
20480
11857
3535
22390
31688
7659
4460
21409
30600
18990
23898
28656
19343
22397
3201
893
15138
25176
22129
103
25970
27776
22519
27162
29387
9564
18926
209
8717
4508
6744
18010
19040
22044
7086
16409
9508
10763
15988
6736
29735
13388
2319
4254
22555
22556
16859
16325
27463
13558
32633
17584
29820
23987
4966
19636
17995
2806
722
31510
7797
19655
431
18381
6563
32638
9224
15242
3927
2019
14740
11510
27171
6803
1931
25402
20505
4774
21688
16837
12162
7054
31696
24905
979
12866
30722
14855
26332
16797
8143
17229
16963
24064
540
11325
13617
25663
6533
4559
587
32699
18933
22042
6628
23499
23667
31951
5232
1121
27967
12550
12604
14826
30
22589
11613
15477
12018
22173
1767
21016
9869
26752
95
3215
26055
13617
30834
4647
29390
32498
27110
28123
31422
5188
10194
10940
3954
26210
10762
16022
30617
26895
32222
2000
17676
8081
12036
25236
9567
31486
15570
6448
8373
28086
28592
13244
15065
22577
8910
27389
10891
13051
22034
17034
6936
6652
7253
3629
11310
7421
14798
26252
9197
31080
1742
20745
1857
8527
27310
7910
3184
13232
774
18349
7151
18936
19232
17103
21370
16069
22445
9355
16227
20976
31414
529
15915
19915
25557
24808
16975
4519
4260
13709
26212
9626
8566
13661
1894
15231
26181
32692
22862
16701
14316
25175
10722
26701
29078
15631
17873
18038
7799
18583
13311
29659
12218
17592
15134
19000
20154
20915
25982
10601
8052
30943
30502
25900
1853
10387
2595
16423
19376
10054
17696
6189
7659
16885
24631
10173
26107
14790
27655
203
25236
13546
3847
9411
28933
14023
11545
24012
4460
25431
11619
15690
31526
4555
21082
25510
21898
29301
22559
30033
26839
19428
19727
24838
23402
4945
22678
23376
20277
25658
25667
13133
29548
6988
23330
25777
24193
6278
29510
2829
17491
27804
13733
6738
23715
30105
14377
145
3527
11977
15875
5380
12194
14294
12867
30802
31443
22321
12453
18959
30765
31667
4270
22402
1127
389
9976
10156
15381
15933
12491
2181
25559
6217
7660
393
8401
11665
11450
20339
5467
19800
3190
19785
13817
18787
31203
28312
27277
25182
2575
12033
20427
21371
6000
6900
11502
16732
1330
21948
29097
4147
19664
16572
20577
25896
2530
10232
18585
22267
30774
6103
13742
4586
6177
16423
13764
29397
27927
2145
32000
23968
2682
14638
26872
21209
25264
24363
26727
2202
3192
19177
2854
2737
29310
21049
20055
9727
8493
13990
30947
8990
9924
21826
7208
5191
14764
934
3307
14962
6409
15924
26772
17854
23439
2975
31386
29972
8342
14766
5692
22791
22385
22332
14450
15871
4348
3972
1571
407
3957
19099
31384
22339
2189
14142
23089
16438
19902
8654
15702
14979
20190
15513
18353
27522
10997
15707
24474
18805
17228
29701
31187
2155
1222
16060
19830
20069
23411
32549
1067
29368
1123
29920
15006
19634
12728
8530
25905
21888
13567
6312
27886
8527
9153
25624
6335
29618
10836
22890
5857
29508
247
3000
14998
16526
14111
14706
16922
29739
18699
23460
14553
18473
13214
14972
18911
28851
31342
11015
5776
26605
21529
23099
26009
12576
28888
18746
15910
22295
3926
24277
17238
10697
21442
12879
25579
32568
5410
29540
12871
31640
5355
5002
30868
9396
21711
5239
23874
17550
32471
8163
11190
24389
5041
19599
5440
16444
21323
13446
32334
25209
5025
16547
11232
14411
31187
19795
25916
5680
18810
3228
24035
17653
15932
18783
31683
32543
9118
28634
19886
23946
7962
32624
17931
30544
24690
18861
3532
14572
11331
8837
928
13984
29917
26076
15209
32276
30034
30284
4592
11071
717
6434
10455
17546
2085
21417
24272
8755
24498
11692
6157
25840
32608
32054
27384
16342
11009
8092
1315
6520
8424
17341
23682
18515
29875
10633
216
28266
3176
31424
8559
14381
29636
8444
6924
671
31183
15602
8738
11448
19636
8949
23878
6152
2000
188
995
7326
26633
4196
21807
29736
6753
31928
31581
24668
22730
23217
12053
4246
18749
23609
12065
2754
21254
8244
24681
7036
24162
17345
10785
4470
12875
6333
25153
18458
25747
9610
24117
17777
4144
21006
31702
28484
17879
26110
13978
7041
27340
15452
7431
32735
31224
20542
14958
17605
23356
1746
18645
16233
17669
23199
16181
5941
23584
19469
4070
23150
1488
15144
11095
17943
8222
3745
6914
17683
5233
19477
18591
27275
30814
1426
17816
27535
12481
16472
9918
23552
19213
14556
18490
12973
224
10259
3526
22716
6619
28140
29469
18508
8112
17695
175
32344
6268
25637
30874
17374
15192
12167
20438
4673
21290
24924
18351
5869
17346
18957
15225
6713
25890
3676
30335
19857
10524
1701
9788
17620
16163
9059
15566
7931
10843
31477
22439
8700
32242
25763
32390
19949
13235
17628
20133
11117
20696
28353
26164
22848
19744
16104
9223
7481
28706
21337
3980
31837
6369
1245
31999
7749
9120
1401
16865
32708
25080
18485
3494
14538
22823
5665
15022
22920
15019
29850
11126
8917
19216
16586
2064
7633
11014
9326
28624
22216
14006
18396
29513
16217
28502
25924
27255
31703
8955
8502
31550
8175
18095
19556
25619
7819
14020
29354
24314
28919
20840
23371
12464
14658
8057
24190
14377
25576
32666
13353
4669
3245
1926
8172
9630
10956
4004
7777
11021
18513
7388
30626
1485
18628
7338
23308
88
775
10096
26691
16722
12929
15633
18806
3259
893
12219
17125
9576
16076
12548
23456
25268
22706
13625
913
20083
26368
8434
23228
24359
17021
29930
32198
8823
22410
27662
31668
27612
27142
16340
22774
23454
20592
1742
17316
20991
27211
24959
23815
8885
21959
26989
15451
7326
10397
5751
3795
14768
12347
3689
30942
2863
32033
4814
7337
13858
15755
262
27109
5127
11088
6296
6858
19398
4362
31689
604
30436
10871
7789
4077
9977
25631
5885
11235
24420
15927
1514
20923
22333
22214
1841
2894
6027
24326
25136
12627
18871
13
27575
5414
19009
29356
20067
30664
21426
20120
11559
29222
21970
21703
21548
12958
19738
14621
27611
13247
11884
12104
25144
20560
15106
16105
32369
22676
20645
8948
21174
3277
2591
14425
76
8447
17394
16356
477
11766
22858
30561
28691
13194
11569
19973
29797
4130
21506
14345
24112
4471
28960
26008
3593
667
7399
24811
11090
23353
26339
22451
22539
29726
18496
5047
22251
25848
6786
26302
22447
28510
26231
3503
23987
6929
8041
20215
29887
26498
7831
22571
10275
13972
29415
7918
28678
21666
22741
18710
2299
16836
28335
24586
27093
8270
30980
21358
19389
27802
19290
3843
30849
25096
10527
10184
21295
12610
13026
25702
20195
27589
13251
9418
18397
18589
25384
27924
29398
9839
28338
6064
22164
28349
24688
29378
957
15974
13650
19656
32489
30572
14304
13435
4346
8186
29483
28661
29104
12966
20996
28441
120
17395
15981
15664
32645
8474
21837
13776
1314
19466
616
258
5959
30893
6285
6819
9578
28525
14865
26891
21655
30967
9597
9965
20931
14142
14980
9342
7774
4035
19256
9178
2855
2837
3453
21667
21828
19859
16573
13035
6546
3449
23517
19796
4666
10779
22384
13941
21125
18539
26667
9600
29937
6337
15769
2594
28548
10716
6416
6059
608
27940
20708
2927
29848
20529
5082
12908
4930
3985
224
29229
9933
9926
26363
22766
21141
399
16768
30976
4789
21097
17543
4975
19484
12884
3485
21987
8932
28122
19641
12228
2783
9038
31090
673
18034
5714
26734
12755
18342
23707
21790
21853
10108
18425
13224
5143
10113
12689
24357
26892
29091
2669
30733
22560
2627
21816
1775
22006
10379
27970
14182
26384
26882
16075
16200
14904
3677
21629
17952
16927
17561
24122
24799
4677
6726
5400
30158
792
9254
8362
7367
24928
32502
24962
20389
11482
9100
17651
32505
10787
16674
1564
24319
19416
4594
33
208
14076
24067
30140
3032
26266
8258
29173
11147
12971
468
9773
1364
15929
8107
26977
19150
4293
20055
15533
15415
24295
20511
30991
12066
17972
12625
2670
28011
100
16086
23515
112
20917
19209
22806
15486
13962
13514
10580
8330
5208
25805
1855
24098
29122
13624
23103
7587
31235
30574
29944
21163
20365
3109
7444
13521
29167
16831
16450
12436
15100
27863
31358
25746
14122
28442
20884
32507
23864
8280
18911
3908
26900
19930
14423
8224
24059
17399
30155
11692
29666
5602
22378
19433
29717
6086
4232
4464
18718
16149
24991
6753
17896
23837
14484
14237
26660
26588
9788
7733
6636
17685
19743
11042
13990
19363
11644
3894
22316
28430
29325
30546
10538
18780
9483
1242
21959
30505
26357
10854
15239
31226
7310
16570
32623
5327
9893
26617
14699
22263
4632
2325
16366
18728
24731
2954
22232
28879
20150
4940
17820
7589
15117
23293
6306
13699
4836
32356
4586
29303
26594
18715
3315
18199
4885
23943
23003
23829
2359
18445
21447
25108
17456
21123
13957
5818
26075
11237
30576
21511
30733
14410
9620
31461
28116
7446
5395
512
18940
23920
22984
5591
3800
6903
21801
32532
23359
20144
23410
17176
22740
3651
13312
13019
24458
12648
30970
23539
29288
27548
6711
4082
31114
11800
1884
30197
23913
26115
17733
23162
26460
27367
29351
12658
2910
12642
32755
32408
32529
5662
7805
6144
16899
21762
10973
30451
31536
170
5781
2810
20425
3605
5365
17209
5940
18590
3900
16894
4180
16942
9216
28314
31754
5039
13776
22896
16636
452
19735
9803
31893
22967
20803
28917
9549
6835
23847
24581
8746
16179
12958
23032
31622
15034
4466
4227
2324
32709
30076
22056
16670
8701
12
29192
3344
26802
4235
26104
18234
25989
20574
23254
17874
25444
13838
10014
5944
16828
17318
9144
21374
4073
1117
17172
10024
31986
3445
7801
31536
28531
1635
28058
24142
23002
31792
7275
4982
7894
1055
29490
27041
6669
29072
1249
16592
8462
8996
22435
24654
4230
11042
31669
566
14774
22298
1143
14390
17444
23240
6083
3474
22417
8762
1917
2668
8748
3893
10603
31810
3845
9686
24903
10168
16580
27765
4371
18328
9371
718
25517
32023
12665
13411
9635
5466
10113
2588
8264
18488
25530
7985
11016
21570
7176
15689
26360
7168
5979
996
22705
10366
13862
7926
21599
13575
24339
20692
28693
10289
9205
21332
28772
7706
13053
21552
25387
26608
26674
4268
23728
9399
4891
21625
2800
22342
17598
24536
4916
7571
14799
30979
28133
27953
13601
11464
13473
30999
24160
631
5774
9379
30978
9982
26351
10207
1915
21331
31221
18690
11952
29202
17367
20282
28079
18536
28197
4776
32157
9775
22361
19884
28143
24922
12463
4964
20702
8340
11830
3951
3092
14628
32039
29431
8620
9236
29814
13038
1369
20114
13224
31639
20965
18838
9188
32073
29406
7365
3916
30320
5772
16534
17038
7892
31781
947
27829
22558
29252
24482
12614
18328
6552
164
8328
15668
16345
1245
2595
3024
26369
14006
24044
14008
19640
18048
3840
6252
1552
18266
11536
26276
882
29524
10235
14226
4313
31444
29090
27751
9789
25401
29176
9496
7251
14527
344
8546
6515
6050
23836
13068
19161
20615
19051
9580
15889
11287
23378
15916
28333
4589
2582
15182
23609
5810
7881
29294
15473
13702
4892
30023
7601
14498
26740
24441
3500
5436
9280
12682
6241
16043
26249
23850
13131
13516
20170
26299
26840
20900
8963
16400
22557
6727
27913
16501
23752
5880
544
24048
29526
30353
10443
3015
11654
294
20707
25154
19213
7653
4583
29618
19083
28736
25491
29362
1726
20559
17588
3501
13301
8815
17466
9121
20936
21040
8335
13858
25863
29806
28967
15521
3568
21693
3673
15598
20133
29195
11117
19708
5597
11904
22262
25061
25049
13993
21858
4141
3994
25558
2511
8523
10833
7616
24864
8805
20247
32623
29520
20572
30942
17243
20231
1288
18599
15058
9067
2501
7670
21657
15417
29486
4995
30422
1044
27176
13363
12333
285
1571
31814
1066
32707
7324
31442
22239
24541
10726
10096
15310
14326
14123
16437
11273
17127
25006
17380
26519
19372
26450
23649
1562
2928
23648
19817
31407
11754
28293
15233
3862
28652
22810
24364
6675
3129
28328
30817
29971
27288
23468
5692
29971
17702
1687
1780
27326
14320
12569
1037
28117
28353
16031
28367
30676
25913
17435
12534
4563
27935
17667
5547
6570
28408
16796
11955
25176
6361
31352
6631
13222
28537
3389
15076
27911
30090
20137
15619
20419
23882
1491
29068
13396
30805
27828
24102
12048
22973
6629
3986
26633
24156
14250
1177
10802
3945
11312
17731
28099
4938
5907
31306
25054
8361
18467
6350
14706
10186
4968
30282
16224
9756
9828
22727
30172
22542
17047
22352
17686
15651
329
7845
32026
8777
1155
28212
12021
9831
14687
24900
8474
27957
3969
22644
25348
29776
18918
5988
17436
16014
19677
27314
12764
18830
3410
27176
16693
404
1362
11059
26414
10132
20940
30615
9423
23949
23957
23650
10813
19737
15791
9502
13606
7233
8907
5963
11871
9365
1036
525
19148
8317
26382
30241
13185
17098
26919
14869
31014
27792
28141
20153
22176
30008
5880
6097
1774
14545
26857
32012
12880
24743
16810
5946
13999
6679
1016
15801
20281
12193
7199
2096
24396
14399
16901
6272
25749
20725
7274
16632
21625
5290
10606
23241
26803
17974
4180
24761
7999
24764
16517
8731
29047
570
472
8702
1661
25694
23056
30373
25816
22428
27559
15671
26466
29821
12746
30136
31073
30522
15780
23352
24052
31113
22751
3146
1713
32439
12648
6072
15756
1527
29299
16757
9722
5882
28352
5075
22871
31935
16412
4342
8837
8877
42
6281
7383
18399
32355
21935
14893
31935
5980
18749
29792
7894
4423
17446
11744
18146
8637
26167
1435
23849
187
29956
8737
18446
11498
7970
14342
26850
17699
32662
20360
23292
6962
30094
3442
10508
25562
9295
833
27820
10266
12143
19076
3128
23471
1860
28553
2784
15578
22940
28469
7931
24931
31406
19508
670
5342
23121
32595
12910
27693
22892
18217
3762
12870
5038
6909
4781
4663
29055
17636
5674
8807
5686
26410
19800
13598
32396
28915
31448
4679
25424
17954
2069
32373
13405
7802
30676
13093
16330
24579
26380
11331
22880
30896
4087
28399
5713
31550
873
11648
28966
863
3169
27849
27130
9496
29149
3740
30438
27496
2803
25997
22716
10794
22814
13816
10232
10044
7382
18502
11763
24289
6243
28779
24154
26468
29938
11955
1247
14335
32233
19903
31534
22266
9848
8650
31523
13079
3440
19762
24890
11310
29529
11827
29511
3861
22207
23029
32615
2242
10956
18633
26422
21684
23580
6063
27458
10895
6092
797
19136
12038
2260
32507
2942
27645
32663
4082
32281
5103
14265
18918
21104
5262
12337
6081
20568
15530
18847
12403
2194
31060
7903
23863
4602
28227
19422
29975
9984
28023
5804
12722
14172
4635
11987
16701
16894
688
30440
14792
2884
7784
3167
20930
880
6608
419
448
29017
20146
32359
29562
13665
17210
14902
25110
14502
11351
1362
20394
23677
28516
21435
13308
32284
26376
32398
2188
25238
28507
12176
21972
7949
32074
11019
9678
20770
17724
27609
32695
15281
13558
17854
20755
7100
17595
507
26609
18852
25528
10783
25200
31391
928
29985
14210
13926
1940
2732
15600
21806
6725
4282
20126
6618
12124
14180
31505
15471
13338
14072
22830
30920
13115
29773
27460
30091
28705
16211
13133
5979
15662
24558
23665
5199
4466
25861
7628
23459
8582
27094
14961
9646
32695
17804
17071
16404
1895
22803
31379
27197
6065
28459
2477
22022
24908
25275
22551
8374
19378
32616
15540
22579
13697
20583
24758
24694
5153
20879
31843
19772
13991
14003
20760
1022
12281
15662
1166
14884
11315
15295
16732
9078
13642
25752
16573
25811
10992
28081
8596
7973
29111
4962
12461
9876
7544
10545
1606
14842
6902
11497
7374
20119
7359
4076
17644
17415
20307
10953
6851
5232
6280
3857
24693
21760
26157
11111
25061
6807
20462
30167
17858
5824
4215
4201
28609
230
6621
7157
22569
8133
18745
11576
31893
1822
32150
6184
19957
23983
5645
1413
16343
16226
6958
1713
23781
4037
6050
7105
1198
20666
25615
24532
13993
20848
27196
20387
3702
18833
9078
24154
21864
13501
22066
19623
19777
568
22259
30224
6204
27871
20590
2185
25169
3937
22252
23110
12212
2219
19185
20942
29855
17572
20251
5201
23121
15643
21836
28219
21847
18173
1804
10761
28938
16332
3368
18779
29785
12108
31391
21579
17352
12672
24255
13054
9401
15572
17036
17784
17898
6300
5473
11701
12608
6077
19674
32757
2755
27562
15344
19799
16617
9107
25958
15529
4631
11225
19813
9599
2917
25028
3683
24962
25762
3960
13641
18443
23960
25637
10452
2033
144
15487
8251
21407
28185
20334
27923
4969
5638
4870
7280
4640
438
28089
13134
22499
5016
1995
2607
10041
24557
20743
3077
20573
720
3761
23633
20185
6004
1467
10381
25942
13486
5435
10440
11187
4787
21789
5008
17236
15906
3349
2324
9661
31813
6104
14730
16735
17556
1676
19151
22705
29562
6269
16717
22403
6748
23313
28706
4752
4312
1534
13439
9554
11082
26554
77
25114
14997
30260
30743
2143
14624
22465
10276
13654
18718
30809
5347
17092
26643
32515
10893
2065
31635
14222
20485
12701
6989
17538
8451
8791
15433
11606
4977
5003
8558
7395
3093
26363
13639
25625
9841
24370
12551
5361
13287
12821
13514
18850
13857
10683
13597
27672
22704
18302
25025
4514
11763
7506
27052
16107
13115
20822
16465
10283
24620
32681
18465
16798
17767
28287
1618
13366
32358
18548
17375
2701
31398
20768
16336
10781
25100
18411
22203
27827
6274
27938
17291
28193
9441
23883
23936
25139
32531
14006
30583
1765
2425
15701
17516
1747
14730
28877
25917
24561
13245
18637
944
8828
24233
2975
7864
7217
12651
29437
27636
17340
16713
4901
29305
30835
21141
14384
17105
27204
28883
11679
28739
15852
21022
9271
12117
16746
2503
10767
15760
17588
20032
26855
30339
27304
22072
7867
14859
1605
4360
1176
2001
22555
15950
6063
29715
16384
10455
30888
22952
14085
2243
21816
27966
9641
20707
4086
5607
27212
27494
6762
11988
9190
10677
13671
5727
5368
27547
2971
11855
12995
16809
23141
12632
13497
3801
7398
482
14385
28017
27995
22028
19550
23338
4266
25839
31362
28818
24634
31015
7775
10159
1544
3216
8942
30181
16120
20813
30548
15641
5993
19471
20498
22551
22027
25491
2172
17969
2293
2413
14444
14889
26866
24581
21047
4178
1820
479
23776
28657
30893
19999
7820
7145
29969
24140
19254
13976
6720
2388
2980
31996
19274
6096
28826
15642
23859
3466
9805
2976
1538
11324
31770
31945
16917
5019
5240
25729
9143
8852
20780
25034
16629
32214
20412
14686
13229
24464
2597
17301
24551
5244
28624
29066
29800
18972
2755
11641
22917
4676
1301
6764
566
16344
8868
30487
21355
215
778
10240
5539
22936
16332
11491
9402
25940
15061
1364
20994
32741
12579
18598
11414
15565
26049
29964
9195
20346
30965
14846
14504
18633
16314
16862
12216
19912
12144
16092
31645
11200
12755
16151
20487
28019
29994
3076
5029
21922
3264
6420
9275
25298
30104
17809
8437
16464
21341
30153
12027
18547
31128
18287
27717
31777
5414
25918
1201
5012
2536
15839
7506
3166
22716
8717
2571
22699
8620
3575
349
5063
5734
8678
17022
24544
28908
3615
25003
20748
17037
30219
11966
2446
12052
3733
27139
27477
26687
31700
15176
709
32115
12778
7987
3770
21421
23852
16089
18890
22972
5507
25995
22731
19630
24849
2291
661
8328
18968
5985
5385
24890
3096
95
6995
8145
7224
11147
18795
16367
4327
20902
16610
14712
11459
27624
4827
8847
4282
11670
9048
5569
22895
15319
20919
18559
11231
6084
2684
26066
30020
28350
9808
330
25146
17668
14922
13880
20768
11908
15726
18204
17345
2546
10099
20833
5171
29208
27850
26952
28928
22893
31707
12835
25732
1000
8082
18115
27542
21270
27418
1587
24427
6251
4840
6311
14006
25046
22268
16559
25108
29847
25187
19632
18344
27221
17409
15509
8706
9323
25741
28610
17990
2436
7645
28489
5514
16743
22372
10337
7551
25364
19449
11028
11348
18703
23769
16695
23511
32764
5616
29087
22494
876
18260
17298
25573
15607
22547
22140
25592
31115
13870
8675
27860
18691
2021
29085
8009
31739
565
29249
21218
13283
2208
25051
21448
14675
31276
14564
14308
3230
20398
24433
3908
25770
28488
17066
29632
4095
22833
24190
15325
27677
4532
3989
21745
26387
27772
16774
2184
16205
7438
19787
12551
30126
12439
7154
8591
9695
21736
24980
17700
14566
4287
1163
14607
9722
20808
1248
26240
13717
28899
30723
24440
31436
6952
27839
742
30428
12840
19308
11281
6917
6390
1639
28981
7323
1895
11967
13681
20314
19221
16689
4576
31226
6570
16215
23047
22787
22619
26908
16239
17379
31922
10867
22674
10301
27281
4425
3836
20357
29556
24503
14506
8906
23286
3709
24758
24786
1175
21420
822
31340
11964
418
16481
2306
24311
21051
19187
4974
25481
29254
5587
5390
3621
24886
1267
31515
3063
31002
9592
3126
32485
13008
12572
28228
15381
31349
24784
15996
21423
10271
21157
28606
17892
28879
1772
25383
2351
25505
14492
28386
17882
18246
5365
18241
27333
27572
5731
32268
32611
17436
1701
3097
22277
23837
27694
6428
2395
823
26316
30145
21559
11650
16263
31736
19093
160
12236
18832
29913
32240
9163
2312
18007
13060
31773
15522
3096
32086
4778
16312
14555
13878
1738
29267
12891
23303
5290
17146
976
1451
31730
2760
6584
18748
14756
28610
27351
18173
6471
16743
12925
3984
24902
904
8199
9321
7827
7001
8104
11650
21391
21193
8298
14160
3630
9743
31599
3319
10582
3973
24701
698
15753
17850
27578
17589
1220
8130
18611
32206
13735
5073
1699
27369
6613
1033
499
11867
25502
19855
1789
30625
1756
19940
4629
21331
6426
21107
20682
14163
31996
9830
18537
8010
23771
12990
17859
19797
14511
25763
31280
763
2866
19960
27092
18019
19010
13363
3873
1987
18055
364
22429
15132
11863
19379
24038
14885
14294
26279
1267
644
13922
13125
22684
9284
7982
8701
22365
29828
16684
6923
2391
22636
13361
16644
2199
15462
17236
16815
24219
2954
22167
10519
23314
15193
8137
27358
18404
16303
3754
5588
7794
31475
20561
26056
8735
32401
24011
10143
1039
12202
24069
9123
29743
9226
24299
541
17269
19290
10706
24101
31593
14486
14099
31417
3812
8130
1273
19981
2071
23513
21982
22306
22480
4359
6544
29082
10745
16151
1530
7115
25441
22575
8960
25362
11456
12219
19882
27241
12021
21927
30341
16188
25745
12753
8006
28793
9369
29630
23473
7143
19080
10892
22969
26040
8084
6439
13545
3681
26930
6848
6402
6825
16604
11131
30694
16896
6418
26984
22196
5907
5023
8629
30261
7837
3357
15906
23159
18560
443
9908
30135
32532
12094
27566
31364
16575
6214
19389
6434
30662
19667
27251
11309
1122
7175
19190
6270
11543
4910
25338
25683
26945
28155
23020
18857
14832
23572
18544
18413
1269
16338
3086
30932
9789
19009
808
11400
11102
6255
17712
4356
28016
13795
11032
26817
32030
10347
15369
5266
5372
26907
21079
29900
1564
28306
3253
26027
21212
11391
24485
23281
27649
11364
23347
24272
17418
9114
30947
30730
11454
10902
1512
15191
13064
31082
32150
3079
27908
19854
26650
20456
28250
23777
4457
6762
22219
31211
11382
4865
12041
19813
13992
6859
1996
18683
12171
30067
3874
14160
30918
31061
4102
3395
29261
2787
4149
24689
9943
26439
61
9978
7315
586
12759
9353
7702
31604
2166
10382
3992
28276
6176
462
9313
8899
9853
19230
2174
24197
16942
30059
21176
24752
25695
13054
21191
18031
20640
10238
4034
24521
9968
1079
2778
14206
23579
27161
6728
21041
3143
18180
28804
26828
23497
195
9144
8737
23101
7254
18804
4045
7125
16884
31395
29282
31985
16976
21438
2245
17392
284
17727
28372
5446
26827
18521
20300
28111
19356
19430
27882
5988
21972
28065
18129
19371
30026
21397
23596
31027
23081
14805
21268
24256
29938
2158
1716
28899
5568
1434
16555
15822
4304
30774
8625
17255
3136
20086
32126
27547
23319
7384
11752
8949
2438
2390
8523
15727
32366
30432
10285
7560
22049
1289
17954
20886
23149
14337
2542
7006
15319
23747
12522
5602
28708
32143
6569
28026
23070
31387
18906
24102
7828
6918
2928
27683
19107
10765
25857
2748
12084
29825
29036
9571
5574
14968
23231
16128
12910
26948
31832
7049
30491
12705
28746
10195
11295
20018
3074
5032
29163
3631
4138
21017
4122
30808
4045
29717
13746
6701
21180
4411
3750
22368
14129
13037
21151
19851
22195
30118
12539
8223
29241
21645
15894
16540
27026
21322
17865
1800
16900
31256
10033
11930
52
22555
7602
2742
22853
32757
6971
2078
32580
12948
6091
20070
3268
11341
31284
5544
21445
18479
32287
1146
5083
28049
15184
10781
23436
31726
12843
26871
6393
10483
375
25923
7617
1237
10595
19464
6690
6376
32710
1607
21345
21614
14763
11385
6508
15276
11789
20025
16319
3396
13791
25149
7556
20926
19792
29322
22782
2408
23116
22760
551
27744
15430
8084
16536
28911
2357
23094
6314
3096
7132
2834
3035
24689
22351
26754
6259
20274
17331
5796
23655
8076
26693
10576
24445
12348
1694
589
18609
26463
6965
24516
727
21640
18213
12020
5251
14608
1840
30504
12070
27309
23556
28902
14713
17478
18366
7530
22815
6406
17581
29267
16262
23984
6488
28059
15886
31794
11714
9676
25965
1404
17900
10865
13394
13714
17820
18635
6472
32224
24925
2246
19421
2511
24775
30251
16644
29077
22016
2583
16057
3921
28291
18604
21219
10839
16672
26374
12670
27848
15684
3441
15865
22375
8059
2521
17373
10151
3891
1666
8880
25609
18883
6393
28953
676
32428
15690
23365
24069
16670
4467
16520
27706
12990
25881
21576
27690
19366
29050
17943
32040
25517
19875
13599
21703
24809
29410
29379
1775
12147
25983
22659
5168
26218
21927
13600
12887
15931
19625
5377
831
15391
14949
27094
11754
14053
30464
21883
3536
6385
3293
7199
27767
901
24265
421
31044
14143
32374
5706
29585
26083
18219
13961
15104
20827
4281
16956
14862
23548
3761
20227
24299
28171
12244
23017
5769
21632
4555
15429
32242
32009
23833
26591
15840
13138
7501
11860
17543
17284
27004
6076
20918
9740
28910
3209
2334
6301
16408
22194
32497
18552
20938
15890
29360
29163
16554
17419
11326
6423
11489
17006
12088
16375
10772
29087
14473
15774
18838
6644
14904
6848
5340
29791
18821
6004
3121
32333
13109
15928
32170
17613
10794
10294
18525
27381
17462
22214
24526
28545
14641
17971
9130
30142
6217
7618
24504
5543
26522
8432
2060
30541
25087
17916
1406
15740
18215
5541
9818
923
29163
14389
1881
29396
10462
21438
2256
12917
23846
8100
9256
14230
19339
20827
13710
14333
13262
18034
3563
17470
6716
4049
24855
19750
18306
16959
25674
6234
31427
12327
12499
26684
488
28827
16140
23310
11320
22425
3469
17754
19240
17293
18592
2961
13684
25624
1525
16114
110
24080
26775
429
25494
28872
16671
30281
31340
145
32296
15939
22658
10880
258
19448
9173
17778
10923
3012
10589
29774
13562
10348
8163
11658
11294
28345
3347
23537
7239
5222
210
31907
18339
26173
6866
24157
30860
8572
3683
26106
17408
31869
6284
31802
20561
8854
7258
2243
29725
10047
22904
7781
16769
13426
28928
15522
20874
30808
11409
19054
25580
5665
15266
11827
9975
7731
23317
10008
15302
20872
6927
19331
19130
13393
14088
20700
15399
13280
13342
149
26956
25540
14767
32359
22921
5686
22566
17374
24524
21428
12821
29975
11341
30187
15237
29385
9851
27098
906
19842
9013
23861
15386
32307
19262
23303
29726
2031
17899
7068
14282
26352
31775
2974
2858
28891
1913
20094
29438
2628
8652
16405
32712
21877
10448
14732
3875
15979
2583
7545
14166
2082
11074
28490
4393
16147
8820
31207
21496
13562
21255
18835
30725
27100
17022
32019
21266
1609
14779
12819
25392
19167
1651
4293
15314
6415
28894
15051
18725
31012
14771
8535
23972
16768
13395
1681
15847
17193
20804
11833
7867
8069
11490
397
18808
11106
30289
10861
23183
825
17078
27069
20067
13492
8359
11531
20570
8557
32736
10097
51
32505
16695
29117
8602
6181
722
30160
27129
13183
31895
10564
24722
17177
228
23378
1227
16777
30080
6642
11976
24628
22738
29251
24127
27341
10065
4142
27528
1048
13628
326
20212
8180
20619
7923
29280
24216
16165
25552
16650
11549
27987
12369
27043
20285
24693
17065
1701
13914
16884
26091
8422
18881
5751
7279
16494
1073
30042
18807
32645
2711
21596
7698
21521
8220
15255
19777
799
7009
30134
19289
29376
16649
4194
7336
19990
10105
16637
30555
12206
2011
403
15519
17936
8297
31245
3335
9877
3048
2472
31790
17017
12914
1190
10141
12849
14201
31300
13551
19199
2313
5867
31539
12995
29773
30378
23441
26132
25429
31716
3377
25743
10262
32326
24664
30575
30899
26108
15572
18015
251
1829
24475
11916
11570
20868
7087
4093
4628
10360
8772
1319
5655
30510
5669
14524
16369
21781
28244
19909
20058
20114
27632
3568
32019
9718
10076
21035
6951
8365
30878
22897
22129
13495
16133
484
24670
10845
19471
6173
20468
1564
30089
12480
25875
20198
4856
16467
4347
1162
27192
25936
26639
23152
20323
6264
24793
2697
31733
14187
1101
21638
24877
7542
29522
32072
31158
16044
25982
25240
24198
31032
1313
30489
8967
4337
19590
14970
15476
2351
18549
496
30854
20701
25596
9444
18257
29904
8560
25065
23656
19543
25774
4080
27464
21524
12966
28607
756
11018
2587
12703
19676
26102
14756
853
13059
11491
22263
14932
12641
22265
15206
28209
22151
30870
10666
5975
14209
6048
224
1532
23296
31257
8401
17748
24505
17139
25462
16132
25096
20774
20412
13017
25817
5377
27012
22202
16840
20413
17134
13019
25735
29016
13015
3636
21888
2209
21664
32562
22460
31119
13617
29868
7684
28118
20798
19224
23366
13244
18633
16895
12858
32553
27625
26030
18500
16638
1225
16687
32669
2216
755
27767
7342
9205
27599
19169
23228
28966
13414
3547
13258
5957
26732
20447
24507
6329
17022
23462
20152
29719
6568
29592
8913
18235
18474
11654
27879
10392
28540
13979
12489
10956
15759
5008
29853
15991
5974
12576
24450
26190
19589
22716
11123
29035
14489
23935
28270
12263
29976
5476
32470
21931
282
29367
30487
32643
520
20937
7304
3701
420
20200
11669
19792
19785
14478
23325
5255
23156
29145
28953
24640
21636
22843
29311
3241
14270
1907
11366
11403
7572
31420
1130
11809
7719
580
1618
16938
27402
32223
29936
14653
1865
17917
25161
19293
16554
20442
4854
32205
20018
25076
12490
6949
14315
27842
4277
29094
27621
23459
4072
19403
9339
29205
19514
22304
983
2343
15307
27991
2233
16689
26599
29593
16499
31682
20269
17434
23097
12762
13040
22000
32663
31321
21469
5925
5699
21688
25054
11531
20245
3063
9023
3791
9812
17878
5904
11857
14643
4680
5834
9011
5275
3877
15157
3121
24875
29727
2184
6832
4222
6903
9682
31897
28588
22513
9114
6247
17171
13957
5570
20351
20311
28247
1202
15040
29607
9321
31154
5468
14658
19599
10902
18918
31802
16164
2209
21932
4472
22268
13988
30278
3585
11161
10854
21871
4984
15266
32072
10004
17891
7056
12329
28075
20146
31915
26248
22726
4349
8245
23784
29160
29453
2789
7801
2967
24862
3223
15860
9906
28003
28737
5575
16901
12619
26665
21362
18459
21507
2645
21041
3923
23100
28995
2267
8246
9006
21723
3850
13832
14044
12194
32124
11677
18842
17456
11705
22127
6349
5860
7414
23021
1267
12246
30266
11541
3299
14605
1983
16452
3669
19699
10139
24909
28580
2309
19359
969
5843
14543
22656
25519
20943
11544
27700
13861
5107
4954
10143
23701
11473
24949
15215
19970
23600
10659
15429
10909
26449
27311
533
11667
4983
12386
5839
28970
10661
6207
30783
14604
26538
3696
12594
14050
603
22271
3546
32037
7456
14153
28531
5169
23218
21424
807
26012
27426
5521
24623
29125
15134
11638
20796
944
10352
1420
19733
22289
24519
14423
25217
25766
18362
24484
7015
18634
7434
20415
6964
30792
9255
4839
31869
14189
5110
14591
12774
1889
7634
20358
28226
32183
14033
5577
22523
14914
1608
16727
2996
28458
7569
26294
12846
12096
23819
23124
11624
30351
10851
7616
8459
8499
23570
11546
23044
17519
32295
16585
22899
7673
21575
22379
1732
3480
15602
7186
19739
19697
23047
31917
10230
22942
8843
1220
25358
17793
16806
20585
4478
24920
26350
11115
38
30097
27625
12492
10066
32095
29388
32373
24471
6157
25225
20777
24062
9363
25609
7352
15205
15207
17590
29813
2849
31381
25149
22505
17640
22546
914
14281
1519
28237
17204
18214
27983
30472
28338
27876
6061
26726
32622
26989
32282
26693
4257
1190
15416
2509
30367
22563
414
2377
23389
2455
12926
31286
1072
2446
31621
7066
9431
10846
23811
18072
25532
9050
29004
11072
29559
21578
29278
20396
26004
23832
17092
1352
6806
24012
32186
18545
29499
29370
21137
15938
9986
16634
12117
17578
25579
10009
32430
18626
7038
26126
32004
22366
8462
22128
26854
7139
32063
32230
4781
16728
6854
6366
3932
27071
12400
27778
4811
12197
3174
29927
13573
26104
9391
17288
9966
2585
4342
8692
6697
7218
20878
19651
24632
20938
1971
23246
1253
22166
787
9376
26593
3986
18573
16423
6572
5201
30264
25775
32692
21137
10407
19218
961
4115
17771
24104
21136
16042
20186
20357
28094
22161
9487
25700
5353
11009
22578
3806
18961
27907
28666
10080
30020
20612
19567
23131
27514
1959
1013
7741
23742
2143
25222
17825
28046
20540
28223
450
32645
6789
5406
26934
27959
15496
26634
22233
15709
7214
1811
13575
4402
29906
8956
2318
21020
24147
14326
21218
25231
19048
26031
5395
22062
27700
2187
6397
30004
15899
30769
17215
3859
6611
3914
3182
24667
5822
24709
29194
4060
8823
15583
29616
1807
1963
28449
28818
10674
22314
20650
31013
12467
26429
7022
26905
11343
23867
7487
23950
29051
30039
12364
23429
30339
31932
7399
14996
25329
12764
18571
10207
22192
32516
22045
21827
11377
17204
7026
10452
15182
7471
4114
138
23469
27854
6459
24119
13160
32409
22313
4028
3371
5528
22421
10109
16157
18279
20860
22802
25794
24201
20001
3648
28704
14078
25429
18471
22048
18712
25334
8380
23096
22154
9142
122
15687
28098
18205
23637
21440
14201
8402
4080
18187
17032
8982
10255
1576
16893
29841
12623
10646
29038
4945
24341
20083
5005
10512
7876
11492
16125
29877
27443
28087
28004
27934
29790
839
194
285
28507
2464
13057
6336
8848
29156
9165
15318
548
31982
30885
430
28851
18740
17202
11810
30790
30706
8664
8148
3970
11653
20108
29624
16159
28948
4069
467
15260
12150
16501
5954
18225
25936
24665
4477
28678
13438
25871
16093
32418
26805
15240
10332
10406
12134
12414
10397
23483
1765
13064
29740
13513
10442
9580
30470
30570
29592
12340
11100
6558
6044
19332
19860
14272
2840
29354
4497
1208
2465
13815
15668
2675
8902
7885
19490
20112
7154
6650
200
12124
10644
23620
1693
3329
17276
30021
2471
4858
6280
1146
26433
13770
25985
17558
23579
14574
13120
24860
21378
20752
16405
18988
15330
13949
6249
31389
1161
15321
8865
25677
10413
15634
8774
30389
27569
31378
30307
29633
10916
13497
5935
1758
26379
7050
5868
21076
28384
26276
10767
26326
17882
10612
31393
22871
13295
14250
19173
27424
7448
11753
11067
30752
1620
29379
18244
8067
27631
17380
3655
23174
19716
9101
15060
30089
4161
14917
32167
8037
9706
203
20430
769
2848
17998
12303
7968
4708
26336
20356
20605
5463
17961
29064
16922
29635
25176
727
14293
991
4959
11248
26428
22479
19040
25278
21154
31851
25954
16248
23155
5441
27465
6342
30916
31197
17413
11045
23342
14408
16649
20364
20189
8398
2559
1360
13028
16132
16826
21317
25811
25610
30572
17446
23436
9742
14361
566
25682
30993
21579
22056
13859
17646
11784
3388
20296
7320
8961
2732
20778
31395
26380
2118
20071
9990
25300
19034
16165
10783
27343
19158
4007
28919
25201
8112
32030
1736
8096
8324
13505
1980
8807
3967
26911
12536
29934
18811
20916
12761
18346
16747
18619
8829
7633
19194
31556
17286
7697
30831
24454
27418
23425
4052
25974
17198
10968
23383
5529
15621
22493
22768
4630
24051
20254
3396
11791
18791
4069
32202
3889
11305
31336
5676
3466
27871
20032
31984
17819
17878
27932
6999
4271
11263
13751
23685
22379
10040
2823
26595
29349
32717
23480
23234
3706
25919
15832
17729
17306
29252
29396
28272
23271
12814
26531
9141
28479
2768
1345
5999
24981
12671
25951
4826
21319
2774
16217
32563
6827
7580
8552
2588
26091
31273
18969
26945
20
15143
13821
316
27753
918
13730
29622
19453
7698
8131
22735
16769
8537
29628
10176
18266
15880
64
4799
11255
6565
25166
23076
10337
23266
28769
23241
17683
19232
26088
23478
269
12595
25333
24318
28452
18789
5177
31204
15772
32445
5936
30786
23544
18817
28313
20268
13073
22265
6953
8912
9062
24182
11392
25504
15795
18323
24156
18100
27077
1467
5645
7529
28556
19691
21545
20559
5746
953
28288
322
20203
5782
9810
6358
6733
4176
28352
17145
9443
7131
30593
7891
17980
21328
20438
9713
23497
54
13760
3747
12712
12545
25968
11682
28090
18392
31999
6902
12539
26267
18527
7703
25363
23589
2450
9555
23592
30414
4377
19567
24823
24628
15024
13969
9507
26172
8760
16222
18380
21843
9461
18271
32356
18426
761
8105
25022
3969
13536
22717
4456
6674
18878
30893
8507
31218
24918
23680
1328
29188
5773
18648
28534
11151
28190
28114
21697
31040
7566
25134
2788
19315
15971
22960
13730
14766
16785
6853
30145
17774
14133
30570
3681
14887
16005
19786
29836
20102
12807
20774
32014
27385
25602
10618
7303
14705
32563
7262
28094
25191
24512
21674
29240
6941
30834
605
16650
26918
6174
23104
6123
16168
9060
14534
653
22241
5788
27703
3118
27752
25614
27149
12138
16053
609
29599
30803
31076
16215
28156
3267
27574
10935
28954
3825
12505
11658
21040
3651
11625
8585
11616
31331
1590
31959
12953
19605
29768
26092
14780
23368
6688
17361
25085
